"confidence","lat","lon","area_m2","perimeter"
0.987861983980284,37.1201155254936,-122.337768092549,0.511286718855816,3.06400307584784
0.99171974522293,37.1202486177789,-122.337815619205,0.452325594374024,2.93894749571768
0.95576789091271,37.1202976150922,-122.337863566862,0.448844513297542,3.23245024100906
0.988251300520208,37.1203067577307,-122.337940114216,0.351156096539961,2.55925556232599
0.990079684841973,37.1203096405829,-122.337856851923,0.423171382078112,2.79371463554602
0.968980392156863,37.1203151218667,-122.337901360393,0.251074431101315,2.00913343480573
0.989537781539474,37.1203257655825,-122.337888728737,0.392494178259197,2.67559214919229
0.979634494574529,37.1203269806054,-122.337878416087,0.248028474705176,2.13537562464599
0.986791286501991,37.1203249755537,-122.337930841411,0.374435964956486,2.63867663028397
0.982035031585856,37.1203336574243,-122.337937729498,0.449279649933003,2.82967883946293
0.989132818276856,37.1203413238175,-122.337982501671,0.357030458999254,2.50141060787476
0.990417846869991,37.1203426300618,-122.337863693289,0.436878235031733,2.8163410353044
0.970570852454457,37.1203587846661,-122.337882607521,0.259342056920028,2.02656667420263
0.988603791756959,37.1203636376107,-122.337901809805,0.880936226442429,4.70945648063323
0.977531529043542,37.1203735536859,-122.337864225438,0.39597529643342,2.69470395022323
0.983850012991945,37.1204025746135,-122.337886492538,0.469078425481639,3.07913211270337
0.990834578635149,37.1204651226151,-122.337935753002,0.412510530155248,2.79553877037756
0.976610994106219,37.1204827580826,-122.337594053279,0.566984417009551,3.20418872063738
0.976957171074818,37.1204866447286,-122.337755434245,0.374000862553605,2.58995091652584
0.989375625717286,37.1204905777422,-122.337959237205,0.393582049133028,2.85874006861604
0.990441985375008,37.1205051953143,-122.337808859597,0.441012074125564,2.82476792000226
0.9825946817083,37.1205221585346,-122.337958159599,0.244547387714797,2.02350618831899
0.981710446416329,37.1205315911528,-122.337972973733,0.483002853350279,3.25354443827806
0.990200341005968,37.1205327197829,-122.337831952232,0.441229617050165,2.8649363171639
0.980539676685722,37.1205403422495,-122.337936591092,0.31525726946822,2.42388526736139
0.987862206193259,37.1205428564901,-122.337992806136,0.446886433733845,2.63722483859531
0.986923313828149,37.1205531357507,-122.337847115533,0.453195926961221,2.9345162368177
0.989982121398634,37.1205502564888,-122.337947016497,0.333097911856115,2.53505353053122
0.987601505248564,37.1205513160129,-122.337930586602,0.237585192966445,2.00019960919746
0.987971837383602,37.1205558396823,-122.337967078876,0.617460407469321,4.19038059209178
0.989744875222816,37.1205679108078,-122.337964206102,0.339407412289296,2.40433501877369
0.986947415329768,37.1205715908131,-122.337867468005,0.419472752698405,2.80499519179257
0.988555641554868,37.1205837177926,-122.33796652572,0.445581023880826,2.97289596789073
0.971387073347858,37.1205881002394,-122.337937643554,0.483438005019437,3.15355249700117
0.985657867387237,37.1205961105288,-122.337994017385,0.399891560297377,2.68750599653475
0.992885750621643,37.1206016373978,-122.337882044379,0.495186724510004,2.88911621946032
0.990637000914355,37.1206030514785,-122.337976547032,0.455154052892489,2.81435401091916
0.99072031590414,37.1206101508715,-122.337948426989,0.555235732806327,3.28126274276305
0.985330205701913,37.1206111945048,-122.337964494363,0.31416943066293,2.45322172156909
0.990463566669055,37.120611766321,-122.338005366273,0.39554018811397,2.61553924727067
0.988876912021353,37.1206363414994,-122.337974231378,0.367256246727353,2.50984731107175
0.979668642650859,37.1206408202036,-122.337965376671,0.316127557397564,2.36714407313083
0.987690334989582,37.1206512128432,-122.337998119619,0.357030501412833,2.59433329057867
0.988650874608032,37.1206701254175,-122.337990819836,0.487571824319631,2.90898496173592
0.990695187165775,37.1206727863536,-122.337977901763,0.315474854491985,2.38543840633863
0.983979113384484,37.1206705018746,-122.33800962205,0.422953867206774,2.77638900980075
0.991283245971656,37.1206977331761,-122.3380014497,0.485831280039333,2.88889224328358
0.988185832891715,37.1207114770882,-122.33801479547,0.27500704873432,2.30540681848901
0.989074569221628,37.1207373600596,-122.337990589832,0.255643422047301,2.00684538960167
0.972160585753289,37.1207603428087,-122.33801201197,0.760838343666895,5.22014554306186
0.989128816083395,37.1207822495057,-122.338011479864,0.310470782099872,2.28395799248527
0.976691373600379,37.1208165608585,-122.338023317979,0.188849784929273,1.89431226787454
0.918947679574342,37.1208266044516,-122.338023203092,0.110089851910261,1.65093794322321
0.988771905991034,37.1208362622399,-122.338056782139,0.416426830755455,2.80057612691482
0.98602176837471,37.1208588047496,-122.338030405731,0.2375852142489,2.08938222896431
0.984821157717658,37.1208630600197,-122.338034870983,0.342453416213082,2.40210373539032
0.985125084516565,37.1208819052837,-122.33805874646,0.285885512071419,2.27361747804061
0.945304873004054,37.1209832718907,-122.337985448669,0.238673075165598,2.17720272235555
0.984336083350102,37.1210087205711,-122.338018592912,0.421648515559008,2.88226436540052
0.991949097519803,37.1210635203343,-122.338016764182,0.370737390937908,2.57561258547244
0.984336877348578,37.1213743143734,-122.337911059369,0.522818123152692,3.16457721585701
0.986937119675456,37.1214164358472,-122.337937990759,0.479304345339566,2.95464198439622
0.833995760466349,37.121433153063,-122.337800905312,0.190155244414158,2.56205955888038
0.956856588789362,37.1214428645372,-122.337905417474,0.302638379969785,2.22728512727583
0.990274172101564,37.1214461974556,-122.337920543275,0.449497405580166,2.76158461105109
0.987720277984612,37.1214501098528,-122.337894373092,0.306119484089522,2.3962735933206
0.961635967518321,37.1214867436137,-122.337896471532,0.385314579527042,3.09407958108701
0.985867804119962,37.1214909174352,-122.337928698556,0.568507620890906,3.41822621363327
0.991100323624596,37.1215152063372,-122.337907285632,0.399456564691583,2.73805471965974
0.986443756449948,37.1226255235092,-122.337002591939,0.452978706620583,2.85601726603572
0.973382589750876,37.1226922209552,-122.337159408019,0.204732459218864,1.87365193266653
0.983390599230346,37.1226982424365,-122.337100094212,0.409900036691041,2.78411215584349
0.862755901258575,37.1227056969026,-122.337118989929,0.189937764205726,2.20490050293913
0.591666666666667,37.1227028047751,-122.337119849329,0.000870276292462077,0.219305426211538
0.98793837535014,37.1227256213607,-122.337176794441,0.33940768968866,2.52688241335038
0.983317820799206,37.1227349402282,-122.337123965234,0.303073665495637,2.45601550168602
0.99088966370487,37.1227362859573,-122.337207044444,0.257601736711224,2.0837195885811
0.992788931940041,37.122738897237,-122.337146932709,0.487354637056171,3.04853371045397
0.988893947671948,37.1227514067462,-122.337133790687,0.324395434950883,2.46806809596426
0.955412119598971,37.1227608940834,-122.337267843942,0.214305507751746,2.25958239126797
0.968279631540725,37.1227620023647,-122.337172780074,0.247811131404532,2.14760029154007
0.989066518527663,37.1227778224806,-122.337198313901,0.445146249429913,2.74240569683421
0.916047794117647,37.1227876205661,-122.337184737889,0.315910248319404,2.65157777816654
0.987211489761956,37.1227995481535,-122.337318313759,0.273266716471766,2.33866036499353
0.987171209947394,37.1228070978398,-122.337168286366,0.385097199638786,2.56633233304362
0.967806041335453,37.1228145983319,-122.337181866202,0.353332125086528,2.63883928391757
0.986968216889644,37.1228200500443,-122.337284912572,0.27870594018514,2.48148347275934
0.989555474363659,37.1228269416843,-122.337183921473,0.391406706681791,2.58070876884304
0.978904665314402,37.1228483836566,-122.337304588595,0.295893901188935,2.39960956475379
0.974297739062347,37.1228480952411,-122.337209161198,0.292630369070597,2.66815729059939
0.857275273745862,37.1228532966128,-122.33729317526,0.198640539696271,2.15838489198619
0.990662931839402,37.1228545308013,-122.337251417641,0.323307602103329,2.272473501865
0.991200181439558,37.1228620409134,-122.337207974174,0.45167333801717,2.91318303382982
0.989775910364146,37.1228635903649,-122.337284892279,0.36116461502653,2.4839520903505
0.987555888597477,37.1228743527283,-122.337233648987,0.379222846491773,2.62725031357317
0.988295965362235,37.1228791704751,-122.337291932784,0.346587494332343,2.50087633262539
0.988739124788988,37.1228898587587,-122.337215447072,0.35485511534796,2.55851084868343
0.983632610939112,37.1228913415691,-122.337288665681,0.191678329542468,1.94027285447238
0.985237507076321,37.1229064282203,-122.337256568528,0.363557878797309,2.63496504654778
0.958947629684785,37.1229074716551,-122.337331364712,0.262823410927113,2.15819726123058
0.960704975631871,37.1229079578477,-122.33736559409,0.322437328629687,2.49752037103818
0.991083198607138,37.1229232273986,-122.337263935079,0.454936882022267,2.85316696263463
0.985381078312248,37.1229348618938,-122.337284021019,0.39118915393354,2.60625444550485
0.955238766611838,37.1229547963697,-122.33732250637,0.367256559452615,3.17773627336762
0.99021690091966,37.1229664138907,-122.337278319805,0.527169820101973,3.07819769571291
0.989401093770842,37.1229768811279,-122.33733505384,0.351156457492631,2.634218142792
0.986184565569347,37.1229801983618,-122.337295788557,0.268480216255197,2.26940921715923
0.964815730213654,37.1229901555072,-122.337342942504,0.174490383039001,1.85282097053949
0.99057674351792,37.1229988703572,-122.337266486488,0.267609941408457,2.16281271057649
0.990777226553272,37.1230084959989,-122.33732799551,0.397933807770554,2.66325921455419
0.980521698168757,37.1230202504312,-122.337352726735,0.313299443722503,2.24496815403468
0.974582594058505,37.1230388818015,-122.337367090764,0.213652817986138,1.95226780050467
0.983351677469325,37.1230439913237,-122.337336403006,0.236062432178262,2.03922985601787
0.987714295772169,37.1230475436227,-122.337287518903,0.272396465330816,2.26737299678955
0.99263651697238,37.1230707007328,-122.337326540622,0.361817348643954,2.50705143764693
0.985049883063442,37.123080103852,-122.337356522827,0.974709396618802,6.8926483217421
0.952705701218132,37.1231276351278,-122.337347113146,0.204297354028743,1.92641664642142
0.982449505109842,37.1231497421298,-122.337360148012,0.358118686468871,2.67132479698814
0.900918732272783,37.1231704560274,-122.33728835604,0.31504001347802,2.58242965579207
0.802932651321398,37.1236144060009,-122.337353697343,0.122708978419133,1.55251884353753
0.797615790502247,37.1236406898424,-122.337211277316,0.157955174232081,1.84859419843131
0.888624457416554,37.124168056749,-122.337218054446,0.14207265753602,1.83105908508228
0.962615845777301,37.1245386715829,-122.337129947967,0.355508046755629,2.97086877791846
0.906297972180325,37.1245811454134,-122.337143623449,0.845733895568165,6.35207520487931
0.944244661427324,37.1249391038829,-122.337087086218,0.243895092204536,2.24026837151634
0.976367717198167,37.1177018999539,-122.333285116473,0.302202811454996,2.39235850636327
0.983251308491524,37.1177177101975,-122.333320117314,0.246722813396467,2.09752820226288
0.991143423661599,37.1179505647638,-122.335960831937,0.511068732334502,2.96380694794875
0.988772014995819,37.1179524565387,-122.335851645791,0.342888174878409,2.53877328638003
0.986301451878461,37.117954368219,-122.335887997044,0.318302917474726,2.50133104628488
0.976555258467023,37.117954556154,-122.335912838063,0.217133499272761,2.00975888551424
0.991121438180262,37.1179567052914,-122.335869820559,0.461245522080251,2.91800332780617
0.98332383800978,37.1179635715857,-122.335728209027,0.392276262656349,2.65605166889748
0.98739907727797,37.1179643697606,-122.335648297925,0.308729897784999,2.56859637008454
0.985978940701449,37.1179656146336,-122.335841309151,0.344628728780454,2.53891408955597
0.991190620578128,37.117970400376,-122.335744049431,0.463421204903326,2.93078664133849
0.986897380034635,37.1179727419154,-122.33565700445,0.33701382424892,2.35764690410966
0.995035193564605,37.1179753679238,-122.335622010631,0.310252886214758,2.32658665237569
0.980321910695742,37.1179776810359,-122.335510089027,0.309600177783618,2.4455483740041
0.991775483977946,37.1179784599878,-122.335539292725,0.241936328435468,1.99277587603946
0.983480938843939,37.1179750357279,-122.335843391496,0.513897127307424,3.05979888188589
0.984813220681227,37.1179797778589,-122.335772643464,0.344628725844092,2.46092872771737
0.989171559034573,37.1179821859314,-122.335694005311,0.476475330088328,3.14425279210177
0.98948516768535,37.1179900927876,-122.335500805393,0.649877532556275,4.11843272402547
0.990010893246187,37.117989255414,-122.335576150517,0.344411166557568,2.47743638726427
0.991318242983468,37.1179907280568,-122.335681671977,0.387489748785893,2.76057798793375
0.979858752011443,37.117998621856,-122.335519907612,0.312428567923788,2.27610133880799
0.989132182841591,37.1179955354636,-122.335799142787,0.301550137775549,2.20830421129793
0.989645818801829,37.1179987051286,-122.335472999805,0.474734791192251,3.08834767795396
0.992257785467128,37.117998340435,-122.335641483877,0.262170212672775,2.14175572621419
0.988153672064852,37.1180003256791,-122.335541629743,0.498667325622119,3.01909217872848
0.98937074829932,37.1180016894296,-122.335746422766,0.381615391651598,2.76713556990028
0.981205290515156,37.1180042711319,-122.335784287059,0.189067150816315,1.76499613883441
0.972591369161055,37.118004060482,-122.335768298644,0.233233588257121,2.08042330162506
0.934481909918779,37.1180105205437,-122.335514600471,0.133804716892051,1.66071942061605
0.98286336756925,37.1180091679878,-122.335412747899,0.442534620377541,3.02858853099575
0.99188956628403,37.1180101345568,-122.335554821263,0.502583561681095,2.98352819180388
0.978581803091607,37.1180099724175,-122.335606443264,0.528039100666669,3.00877182402422
0.993571633839556,37.1180198637833,-122.335461028925,0.429045368643781,2.80910372928765
0.983125557915474,37.1180195621387,-122.335435499212,0.605711111767002,3.52421976639002
0.985678373913668,37.1180201303873,-122.335613905407,0.268914839858923,2.23642010577821
0.989904251983696,37.1180220119583,-122.335632508266,0.386184340751963,2.69108173686637
0.993621601385184,37.1180258833073,-122.335495496315,0.404460108194604,2.97060863654337
0.992419028892894,37.11802988811,-122.335395609222,0.353113914823323,2.63068828107911
0.946378551420568,37.1180373665705,-122.335251647805,0.131629029428075,1.68151598687933
0.992311661506708,37.1180301894378,-122.335582604114,0.405112810829078,2.97350388725109
0.981660704822469,37.1180348485565,-122.3353592009,0.28566762716147,2.40080779317712
0.991676482135846,37.1180360780936,-122.335564103583,0.409246617261908,2.61060344491425
0.990260285474391,37.118037292939,-122.335510933889,0.385749214651633,2.64802175459667
0.992548523834312,37.1180362244838,-122.335541351951,0.383573534469185,2.82114978304209
0.988616210815536,37.1180432048934,-122.335370242407,0.305466376760742,2.27863841902436
0.988451371169804,37.1180404145128,-122.335464605162,0.418602072725473,3.12910751486925
0.990556429646923,37.1180443500558,-122.335317903406,0.539787824948091,3.09875812900043
0.985276610644258,37.1180480804442,-122.335486704107,0.221049748116882,1.7975677101697
0.990104067516974,37.1180466736591,-122.335423033558,0.873320545271958,4.31486164196565
0.991503267973856,37.1180557249708,-122.335279585593,0.38161540567483,2.571321183723
0.990181209924728,37.1180547362354,-122.335359794572,0.497797070012461,2.8814988414539
0.98203948245965,37.1180548200534,-122.335395656092,0.419472349886903,2.79248693908681
0.993450064850843,37.1180578390003,-122.335306379317,0.493010568130517,3.14526325323999
0.989829222011385,37.1180630183941,-122.335337851868,0.379439723527539,2.49257160655046
0.989522910768586,37.1180670071507,-122.335223611209,0.449279288747789,2.85935332298579
0.982412449046386,37.1180687433434,-122.335285113008,0.306989363205591,2.26020218044064
0.986279505432746,37.1180691008127,-122.335323878626,0.380527560357208,2.74220732122655
0.989068502719154,37.1180683744362,-122.335243298663,0.381615395660025,2.74737825712101
0.992530345471522,37.1180777546385,-122.335185264429,0.350067961963507,2.61531308462922
0.975857580719654,37.118077909638,-122.335252265749,0.443840045260932,3.15677700721933
0.988143943101367,37.1180814406831,-122.335217011746,0.297198771044123,2.29436944764615
0.985727314181487,37.1180868351535,-122.335242519177,0.336796267632511,2.71139798560352
0.988782363774239,37.1180876450828,-122.335275793481,0.352243647519536,2.64956850245475
0.986016963703169,37.1180917536688,-122.335249726412,0.281098695593552,2.19427261301983
0.988528583930557,37.1180926543799,-122.335113690578,0.404677687623461,2.9095258933721
0.989467917551188,37.1180970667297,-122.335178485941,0.396410079067286,2.8804123095411
0.98970073323447,37.118101371112,-122.335137818036,0.9085666875854,5.36987928449982
0.925537880521859,37.1187454919602,-122.33769008183,0.489591398429935,3.09718173170792
0.966831785345717,37.1189411700253,-122.337564548143,0.495186409411748,3.29421340107243
0.988794823140174,37.1189611602083,-122.337805108266,0.388360171438034,2.60745801850298
0.983558282208589,37.1191284409002,-122.337899914985,0.403807576641104,3.35512949351869
0.977097174958138,37.1191379480356,-122.337959993187,0.180582054472915,1.61022042319369
0.990501021559479,37.1191711923102,-122.337831944078,0.317650360075455,2.42080907120267
0.980477585224961,37.1191905272399,-122.337746472725,0.454065962837874,3.02066364198798
0.976526236538021,37.1191960506453,-122.33782884458,0.283274506156436,2.33651256239429
0.990709866834434,37.1191963313186,-122.337803545357,0.445363209124646,3.08395019491553
0.975978802331744,37.1192009791611,-122.337764675699,0.429263129219084,2.74267924429599
0.99128273364011,37.119209972884,-122.337798316967,0.504759487040006,2.95958417817166
0.991247710156727,37.1192223971695,-122.337785171933,0.543486725478816,3.10061974746481
0.992199372974122,37.1192252921782,-122.33784524472,0.363339806720321,2.57601556248868
0.986380649125747,37.1192288598935,-122.33793164308,0.498667566392134,2.90494833639613
0.988013121598449,37.1192406401107,-122.337793752545,0.629643948750823,4.41520952201856
0.985354590434305,37.1192626342552,-122.337815376025,0.507370317735346,3.03697961293329
0.990148433205058,37.1192622657198,-122.33779316843,0.749741904233394,3.73082786977744
0.991352438411262,37.1192631207565,-122.337841810506,0.392058887292239,2.61624934902406
0.893965755316211,37.1192681178846,-122.337929848887,0.272613643121517,2.31013618295136
0.984709722322221,37.1192732789122,-122.337831483785,0.385966960097526,2.57874085801466
0.987891060038473,37.1192762067057,-122.33780101907,0.279358272602101,2.22652306841608
0.990416330915928,37.1192937799744,-122.337810800645,0.358770866715988,2.53517738015092
0.942922936616507,37.1193085271713,-122.337809927697,0.211041687565702,2.00023438194334
0.966935655128477,37.1193198241143,-122.337830695219,0.256295992308518,2.26352992466791
0.982459893048128,37.1193185252589,-122.337837383536,0.359858731446654,2.77536874614395
0.982906422963058,37.1193225688327,-122.337813300876,0.231493148036005,2.20031495960236
0.890636634400596,37.1193285620343,-122.337879278819,0.184933439598706,2.75620513551028
0.985249554367202,37.1193403827952,-122.337843074448,0.501060840380055,3.07709397477806
0.987813886616594,37.1193409569766,-122.337804007177,0.370302018552512,2.69824276855407
0.992283208202736,37.1193640085817,-122.337849606209,0.393581877454083,2.70165197922254
0.953774967931098,37.1193729424066,-122.337932218285,0.211259263706744,1.96854995364992
0.98907469342252,37.1193746187595,-122.337828925318,0.286973190624346,2.33394843377787
0.804633614963601,37.1197364649643,-122.33755612413,0.199912510641049,2.51000593764409
0.857989810097267,37.114749280942,-122.329011778916,0.142072148046421,1.95794721957186
0.985171960157865,37.1149844303671,-122.329315539934,0.306336293914277,2.38689070009576
0.98349376114082,37.1150049027754,-122.329357924425,0.478650470708223,3.32283576402153
0.984745854264571,37.1164209363745,-122.330830643714,0.349415027881219,2.34001796221127
0.795022624434389,37.1165063393045,-122.330709280192,0.144247926053479,1.63991752340055
0.594045025417574,37.1165041697738,-122.330713192901,0.017405480625514,0.539674105566197
0.987892424729455,37.1165304077813,-122.330787302874,0.270002529515809,2.21035916478756
0.984782510705432,37.1165985814473,-122.330739119989,0.419036981755812,2.81688574977874
0.991982162149737,37.1166070738704,-122.330651804835,0.404459893007515,2.6144800135854
0.982065359477124,37.1166093872093,-122.330721921718,0.187979206315021,1.81868563444236
0.988494143532,37.1166197772766,-122.330820662763,0.303943235395763,2.38106497353843
0.987773933102653,37.1166241089066,-122.330771450518,0.243459183116744,1.99681961807372
0.992402499461323,37.1166291041132,-122.330692950423,0.437095174305622,2.75104192432634
0.988940092165899,37.1166585607695,-122.330661219855,0.405547746368897,2.70812119251836
0.990119800780724,37.1166628779027,-122.330692863538,0.424693774878917,2.75855652877327
0.990911460596055,37.1166667866552,-122.330737876764,0.328093342481162,2.37692760581487
0.99294780714218,37.1166683189422,-122.330823630843,0.400978807218924,2.70347111482915
0.983742217266053,37.1166744470362,-122.330645643811,0.406418013158939,2.75811902675191
0.989454230890217,37.1166776376914,-122.330771406015,0.363121882320626,2.71468022730377
0.98545820578583,37.1166814726629,-122.330719314487,0.344846120476557,2.41805512020577
0.987400726881141,37.1166817278379,-122.330860166831,0.420995102974885,2.91168765211031
0.989820998383801,37.1166919373547,-122.330678767073,0.310470296910786,2.37718794861104
0.992166854002748,37.1167019270166,-122.330662054429,0.376175997945101,2.63075126952532
0.991963734878356,37.1167029166832,-122.330706365727,0.354201581412971,2.62090848511441
0.993564085406655,37.1167065307116,-122.330751848819,0.469730466013582,3.04174812751014
0.983450018044027,37.1167119307857,-122.330583670146,0.399890962362613,2.84947386336268
0.988541250964429,37.1167130791163,-122.330633407341,0.358335379573619,2.70110759679047
0.993724591784022,37.1167164755789,-122.330771004983,0.426651895689321,2.77340032281646
0.987065470255899,37.1167274046434,-122.330610107838,0.418166687617805,2.81706990000496
0.981347352024922,37.116731010091,-122.330673419296,0.401196382971329,2.6256187934899
0.990297673473534,37.1167325500182,-122.330636807336,0.369648945872791,2.52579654552854
0.987752165086218,37.1167438552055,-122.33060247297,0.36138134407692,2.69123466974455
0.991047991777356,37.1167498591746,-122.330701511543,0.471471025167055,3.06548292086784
0.982029077340092,37.1167525926601,-122.330722474401,0.28022828122887,2.26423354252542
0.915942281957293,37.1170305207519,-122.331051602058,0.174272417986447,1.82630666496329
0.951693054431989,37.1170558490124,-122.331060688659,0.244329499751943,2.10691121007172
0.987700320512821,37.112991179475,-122.328735608693,0.392493075350997,2.52467593497369
0.990739594083247,37.1130120480871,-122.328709839787,0.283273829048813,2.24719028049451
0.980406627595688,37.1130135787472,-122.328767885783,0.255642666511786,2.08968710531954
0.961475748194014,37.113025788934,-122.328785247104,0.187978947489026,1.71277692651567
0.960817242927706,37.1130394577861,-122.328705418916,0.652922249061761,4.86148985731929
0.978964401294498,37.1130423960536,-122.32864595528,0.291976568237002,2.31554790396743
0.989869281045752,37.1130484255464,-122.328667561425,0.303725248311651,2.37176361718945
0.974912146676853,37.1130477831716,-122.328736591915,0.201468183073118,2.09153275432629
0.969625561067801,37.1130506807451,-122.328840612739,0.32809288816074,2.53501169686434
0.985545267489712,37.1130565607791,-122.328708021198,0.308294180364396,2.25884497995785
0.988407131240603,37.1130589511646,-122.328606518897,0.31547392722229,2.36223628363067
0.991666666666667,37.1130585430344,-122.328686363347,0.380309267671652,2.5070237888005
0.985639148363208,37.1130618739662,-122.328745351409,0.435354028480238,2.99173570583463
0.974627375128001,37.1130665552726,-122.328617476143,0.253902126264342,2.14353028926236
0.978459383753501,37.1130657206598,-122.328778771363,0.301549573193435,2.20560822025834
0.982788671023965,37.1130707555403,-122.328654735862,0.20125061341475,1.71655312670936
0.986195213379469,37.1130713393771,-122.328683824238,0.395321469600245,2.61534430544203
0.97482981323093,37.1130762628906,-122.328698208086,0.325482073993672,2.41139006335844
0.982758132154596,37.1130788036328,-122.328756855998,0.3352726430362,2.54005589709031
0.992693498452012,37.1130796019255,-122.328813108026,0.231927733038678,1.99351529595232
0.98752065746572,37.1130827944139,-122.32873155117,0.219743916785486,1.96167475037915
0.992044970161978,37.1130874944163,-122.328844333468,0.364426789138695,2.70252259462422
0.988978063135367,37.1130910588912,-122.328609329997,0.307641479032207,2.32416033976257
0.990702554084364,37.1130964100237,-122.328684044523,0.265215674782378,2.04743369366576
0.987994143484627,37.1130961884287,-122.328699278826,0.328963170182189,2.41861512812086
0.990563871904795,37.1130952749133,-122.328807628716,0.399455275273618,2.70359019866491
0.990348802837718,37.1130974705061,-122.328649005907,0.389012001856443,2.81614242078902
0.987274859053036,37.1131044248494,-122.328568654197,0.381832252044038,2.85332654189663
0.987346673829349,37.1131049922697,-122.328719665348,0.421212100746081,2.89823095497212
0.982696938424493,37.1131066470663,-122.328632445755,0.297415776425616,2.28395691062409
0.947672686095715,37.1131086776245,-122.328786183812,0.169920790891481,1.849358163399
0.990922942425378,37.1131119458094,-122.328588795072,0.384660630131714,2.5668683939682
0.971178205795593,37.1131143249331,-122.328732541296,0.120097665136846,1.41419906051169
0.981342383107089,37.1131140511947,-122.328623600154,0.248245353045113,2.24161457260204
0.874972347913524,37.1131148304838,-122.328773331156,0.192765453787837,1.78338905628665
0.987917941743171,37.1131132207817,-122.328830577645,0.41403234637111,2.6936909018449
0.978345184227537,37.1131187650231,-122.328668305263,0.36290381693982,3.03529240606715
0.990858750907771,37.1131218264112,-122.328682111752,0.424910762894046,2.96095220238575
0.987606795639792,37.1131286000172,-122.328584697304,0.290236026269051,2.21560337274163
0.989600284558268,37.113124513472,-122.328823035566,0.414249922642922,2.84947864061978
0.981446078431373,37.1131288424624,-122.328840417279,0.231057464108425,1.95694931436199
0.810391538318798,37.113138157582,-122.3284977642,0.162523474894694,1.63539688041054
0.990447641886491,37.1131317452358,-122.328814237205,0.401413395598416,2.5216704736035
0.991158744443535,37.1131397248323,-122.328541062152,0.353765955481098,2.55814719500055
0.993156478277585,37.1131438158538,-122.328530536092,0.424910766591142,2.85918860790935
0.988280026839633,37.1131418137958,-122.328651156742,0.259776472440866,2.1401010378341
0.987853107344633,37.11314555907,-122.328590491478,0.340494289649149,2.59485788166204
0.98358543417367,37.1131447379657,-122.328847179903,0.341146995263976,2.50399239168315
0.987693606854506,37.1131457405466,-122.328625420611,0.452106802030736,2.86962153510181
0.985508165530363,37.1131466565829,-122.328711835543,0.349849725141424,2.52364113267051
0.979524345623417,37.1131491445846,-122.328802642648,0.398585005594685,2.6691872225508
0.991824035887418,37.1131526335647,-122.328670480736,0.389229575793249,2.59261224616275
0.988990596238495,37.1131554545676,-122.328648109421,0.375305211840934,2.49459793083139
0.990415024570622,37.1131585171322,-122.328551283636,0.378568735841334,2.68845160994617
0.989164344041856,37.1131543952849,-122.328815119686,0.380526843702753,2.87126018527464
0.991677008356085,37.1131602048163,-122.328589637216,0.349632161581781,2.50895121350353
0.972849264705882,37.1131588169165,-122.328776256723,0.16165320281014,1.62626309309357
0.990445632798574,37.1131594971639,-122.328701062202,0.321565856354889,2.28520179289611
0.982902584493042,37.1131605997977,-122.328799869137,0.244981837184382,2.08161200202087
0.991440422322775,37.1131622618448,-122.328722131547,0.490398812595741,2.78839529662105
0.991000414250207,37.113164417026,-122.32852571294,0.539786800555485,3.26015052789771
0.991858431838847,37.1131684165133,-122.328479880092,0.407722885219827,2.69282040560607
0.985340209781498,37.1131686233589,-122.328792481218,0.370736278398034,2.60505145758129
0.988382444910422,37.1131705765261,-122.328503924057,0.50345290554875,3.12514521507189
0.982718633465656,37.1131709902142,-122.328719975657,0.387053896084416,2.72473210961268
0.983939264666382,37.1131746356759,-122.328461714834,0.611584324583724,4.62643404227157
0.991549042119718,37.1131725504796,-122.328754842761,0.422517523291326,2.67677356574637
0.990403606698154,37.1131830962486,-122.328400537044,0.39271067510505,2.55879469768142
0.972816906648808,37.1131850597612,-122.32836731231,0.25651295654414,2.14442322664257
0.986888731396173,37.1131773186796,-122.328674065462,0.405764768067376,2.92245796748455
0.985007808433108,37.1131804034518,-122.328782653942,0.371824125468811,2.64210725189693
0.968947295230149,37.1131838893184,-122.328439821436,0.42599861606018,3.42091950332986
0.985890944797324,37.1131811074966,-122.328656266211,0.317214498113494,2.33773891116579
0.978756990160685,37.1131866851209,-122.328519554114,0.268696777544578,2.19227732636901
0.987328573047716,37.1131836846374,-122.328702120892,0.406199897705309,3.01230723191647
0.992770406728532,37.1131876728138,-122.328570105606,0.374652506650317,2.6898957033516
0.992558369771471,37.1131895706568,-122.328611761799,0.34397538634531,2.53080649639097
0.977485259838201,37.1131943707723,-122.328390564677,0.488005588241359,2.90385703068099
0.987017171598098,37.1131976563271,-122.32850025546,0.473646062688344,2.98277856971097
0.983142913103088,37.1132007621342,-122.32845269809,0.433613502863995,2.90979504855305
0.989727859954898,37.1131964843611,-122.328548469152,0.479085267414275,2.93404183672533
0.970479733395334,37.1132024876686,-122.32838236817,0.267173798282177,2.78089465523594
0.988329713908035,37.1132052685673,-122.328673876105,0.292194146582699,2.18124075840261
0.980502715182259,37.1132098410203,-122.328368789513,0.291976584066277,2.2406671830511
0.980910250278973,37.113201600696,-122.328717258794,0.717322493890016,4.84682117859489
0.987008803521409,37.113209063973,-122.328400813015,0.453194649184957,2.92076973935016
0.978933563637527,37.113208794265,-122.328579237957,0.285014393086535,2.37104949144627
0.963685580426861,37.1132138337327,-122.328467709539,0.273483279151768,2.13779777904216
0.991999258332175,37.1132089298684,-122.328759169909,0.409681000240104,2.68632983178341
0.9839185945234,37.1132093705728,-122.328628402673,0.441881089920272,2.93043883950951
0.988772713970256,37.1132175096439,-122.328528733152,0.357029493620593,2.66131514813272
0.988790114116386,37.1132164838763,-122.328769996988,0.308729333165803,2.46082300651851
0.993045409885087,37.1132135418087,-122.328786965458,0.446014898131361,2.86642780592112
0.985486465692103,37.1132158821938,-122.32872665979,0.40250125954127,2.7145325559442
0.961046004475291,37.1132218759365,-122.328416962252,0.248898063127134,2.02200945836934
0.984381852632475,37.1132161975555,-122.32884298366,0.427304019591198,2.82621978056007
0.984621299500192,37.1132262910987,-122.328642968833,0.296980650372674,2.22544164918709
0.990773784114517,37.1132296211956,-122.328378733109,0.341799719730507,2.52124338021316
0.986913124719128,37.1132339193728,-122.32845439313,0.38966472879576,2.56920852772533
0.988357448242455,37.1132368708497,-122.328508581461,0.441663537875694,2.93227040806596
0.982270233196159,37.113235719762,-122.328417975204,0.468859568738456,3.183921807854
0.989963394909338,37.1132326030136,-122.328751771092,0.33505510056531,2.38344725746329
0.991626031314939,37.1132352229138,-122.328692737838,0.453847356076774,2.89822488990221
0.98796318527411,37.1132338317237,-122.32886785981,0.349414601185738,2.55376818593454
0.987909582437626,37.1132315676876,-122.328835838431,0.435354072087041,2.80299890786832
0.984443064824875,37.1132420674738,-122.328341226762,0.363338969669509,2.65641225098686
0.988393907074685,37.1132335662461,-122.328886862801,0.341799712198469,2.45774976771375
0.984926470588235,37.1132422792359,-122.32839329707,0.355506508640158,2.48918994981226
0.991262208305376,37.1132415239528,-122.328583274126,0.502800215652959,3.0585496534351
0.986440750213129,37.1132419024484,-122.328534489905,0.44775544553983,3.14464264787081
0.987207177725054,37.1132419476513,-122.328612706438,0.353983535554999,2.60337510483826
0.969605830011676,37.1132467982204,-122.328380447753,0.224747997727724,1.9102380406515
0.976274202951916,37.1132413852968,-122.328820874361,0.305030679154695,2.23505178937699
0.98349376114082,37.1132394365063,-122.328902518737,0.240412909157989,2.07995466703443
0.982485959207804,37.1132466283604,-122.328351923923,0.390317426765955,3.0602744673488
0.991410397939337,37.1132417123882,-122.328796615628,0.358770038180809,2.43841409989222
0.98287804285801,37.113245009349,-122.328657915979,0.318955042574727,2.55681756455131
0.987004103967168,37.1132437356045,-122.328774714414,0.365297084157412,2.54706338103375
0.989217356448542,37.1132554929726,-122.328369406436,0.286319810593817,2.34669797867343
0.922607453577457,37.1132542408428,-122.32850990464,0.150774793562152,1.69706435564388
0.986924385685995,37.1132477715612,-122.328828542419,0.337665917205175,2.48836869318599
0.983768498763927,37.1132505244201,-122.328752252459,0.284579270463312,2.12886904920183
0.987530116941882,37.1132542085359,-122.328461650179,0.47930284487842,2.91515075722208
0.988847274240533,37.1132572649716,-122.328332546785,0.374870093920992,2.72683542422741
0.982915251761785,37.1132590550664,-122.328375822255,0.499971829640389,2.95714900506567
0.970643642072213,37.1132552336047,-122.32884289738,0.301984723969494,2.46471515760836
0.985892538833715,37.1132556106124,-122.328807636516,0.327005074021121,2.41634173013663
0.989502416547717,37.113262534004,-122.328466770013,0.383790387715604,2.73253180146677
0.973158828323506,37.1132644471232,-122.328451894845,0.949685401877858,4.10099973849443
0.975227076124567,37.113267846089,-122.328358795045,0.25281430332385,2.07264071721822
0.979997276688453,37.1132627349657,-122.328742564675,0.546966577789939,3.57769966481283
0.986743015790387,37.1132626225918,-122.328763003634,0.280010331372295,2.10681255592879
0.992201834862385,37.113261648265,-122.328784753026,0.415555353349407,2.78188961202652
0.991003460207612,37.1132611589377,-122.328881861047,0.38357282428973,2.63728076354115
0.986603264060115,37.1132669457583,-122.328649246677,0.317432071931803,2.41174402435515
0.972926313382496,37.1132676023207,-122.328547544069,0.327875345199019,2.55028527304839
0.945932828576975,37.113267516067,-122.328831188193,0.107261146660361,1.52052680728259
0.990678847296494,37.1132718562949,-122.328506565631,0.380309297439003,2.57969950652983
0.960458339507087,37.1132709874508,-122.32857904497,0.19146005941482,1.89728971484487
0.993181463566859,37.1132677152491,-122.328856561443,0.370953856855373,2.60675807636938
0.98723311546841,37.1132763462506,-122.328589946596,0.22148447056445,1.88380721348265
0.991588438963876,37.1132830253832,-122.328380883736,0.49583803668173,3.09258607762524
0.992371439141694,37.1132759607565,-122.328680660812,0.500406973784514,3.24055449834828
0.986272554884366,37.1132832842056,-122.328333943819,0.476909602790417,3.01524126632891
0.961607543780871,37.113282778823,-122.328580700134,0.264780557882519,2.52802983741265
0.989503793060565,37.1132784629975,-122.328873277437,0.451236551266992,3.07396217815671
0.980656334390044,37.1132864247211,-122.328417306462,0.317432078335886,2.44787945440314
0.9890556222489,37.1132806115046,-122.328749444532,0.379221459051878,2.48401963142744
0.993167777696384,37.1132791529648,-122.328797510781,0.38966473577738,2.53283728525978
0.986866692985919,37.1132884082379,-122.328293463633,0.364426827013362,2.61415768357604
0.985213927259558,37.1132831397655,-122.328673160532,0.189719514183073,1.74609317331839
0.98934710301677,37.1132867180282,-122.328642231951,0.398367458371179,2.77287260245109
0.989408099688473,37.1132928869921,-122.328309399896,0.362033564676521,2.6003166980328
0.980728578243077,37.1132916691094,-122.328468777985,0.359422751146785,2.72549617090583
0.990602037916616,37.1132991892334,-122.328214745391,0.46581362182509,2.89110483626522
0.990389133114693,37.1132927820682,-122.328620518988,0.402718827682333,2.70944674410403
0.978794548689448,37.1132970433695,-122.328554299734,0.494532632678633,2.84606616148885
0.978587299731026,37.1132957725798,-122.328570886252,0.478650148310717,2.8886955867915
0.989195066171784,37.1132947344307,-122.328731995313,0.251073758294509,2.04059711475281
0.976442659175107,37.1132964287592,-122.328375261219,1.12656839489466,7.12051602250509
0.983013904547163,37.1132975241475,-122.328648918096,0.430132428684665,3.20479128287055
0.990301602493313,37.113294468261,-122.328787680717,0.377916053529413,2.56635636476508
0.991945446254612,37.1133030984154,-122.328319974083,0.454717649270267,2.84473186786574
0.99152534887829,37.1133012099835,-122.328408092073,0.432743255393043,2.87935925199442
0.989339143064633,37.1133008934341,-122.328429778187,0.443839225432625,2.83867488320536
0.988429682217715,37.1133006640025,-122.328585083153,0.450366282337527,2.99606767640392
0.990702021741339,37.1133069478207,-122.328160298784,0.457546026240817,2.82364941914746
0.98728614359249,37.1132980122823,-122.328702629968,0.633776310126005,4.45485975972693
0.984178598125467,37.1132978862577,-122.328855622201,0.327657785197229,2.53827640516153
0.988262653898769,37.1133031905675,-122.328532707412,0.406199924907773,2.88564320310202
0.991545073567649,37.113309581633,-122.328303176687,0.301332028764544,2.23617219456612
0.982754338848942,37.1133013911708,-122.328826176115,0.636822263889803,3.22843150481514
0.990990557205147,37.1133116577584,-122.328256747151,0.362251138561115,2.67755428482364
0.989147571596945,37.1133087775863,-122.328462109663,0.605057307132411,3.14438321364132
0.981242672919109,37.1133033470812,-122.328869929743,0.410986428288951,2.95913514980315
0.977540106951872,37.1133096146509,-122.328488254798,0.287407659412045,2.55567651441954
0.991158780701264,37.1133162757528,-122.328339598851,0.498231294358313,3.11479561390007
0.993765984654732,37.1133112473448,-122.328672663115,0.365079524617676,2.57568622295325
0.892125984251969,37.1133170639279,-122.328426539078,0.136197720761007,2.03462123935479
0.972459523228379,37.1133147749304,-122.328406965905,0.331356438358406,2.74866872483156
0.983791996330696,37.1133150110722,-122.328572472774,0.326787512974329,2.59571102486805
0.981232492997199,37.1133149121618,-122.328691632409,0.316126671011295,2.29602322824267
0.979956048448919,37.1133107885976,-122.328884470815,0.551317947756639,3.77178287144211
0.988616699943685,37.1133232001566,-122.328385700419,0.363991684896446,2.58499749505689
0.99019265646922,37.113316293353,-122.32877095055,0.550665247282384,3.24893677011
0.989437908496732,37.1133257470181,-122.328232983122,0.325699667597533,2.30346122504471
0.987783719548425,37.1133224725171,-122.328616231553,0.395321516215776,2.99447137720278
0.98656884387309,37.1133231433625,-122.328648724439,0.416425633062918,2.77961056819686
0.967420683551198,37.1133233939843,-122.328677858515,0.53021382669947,3.00413297286622
0.990534547152194,37.1133211898952,-122.328813198034,0.474081217919731,2.92876372046479
0.893564605329311,37.1133344351489,-122.328197744832,0.110307105899213,1.34998089619105
0.987734911088292,37.1133253123281,-122.328571071966,0.566330148842334,3.46039361813803
0.982426303854875,37.1133304702064,-122.328526313125,0.274788705003057,2.03984412768894
0.979010056744761,37.1133240559096,-122.328848880907,0.341147013350255,2.51434718808155
0.987093705406691,37.1133329425001,-122.328407886537,0.359640320482244,2.5931316089544
0.981078761470918,37.1133307405978,-122.328587567872,0.295022548303205,2.32407123587391
0.986336756924992,37.1133290197925,-122.328784496406,0.396626922850454,2.84442950330464
0.987151570139624,37.1133314565155,-122.328503971214,0.368560615003528,2.7164881666628
0.989203496673981,37.1133348581797,-122.328390532989,0.276746817666104,2.15661598440228
0.987566380718954,37.1133367433218,-122.328355809642,0.36921332051452,2.6393649315624
0.991995191311197,37.1133297271607,-122.328745984276,0.448190604458952,2.91808588479095
0.985779732453729,37.113334680663,-122.328558150133,0.361380866642807,2.55957183244921
0.987327141382869,37.1133326279763,-122.328726854837,0.361815996481246,2.59156053502566
0.99122132513136,37.1133417050171,-122.328292269236,0.438400032703407,2.78766116183084
0.989606503193533,37.1133353623301,-122.328755806633,0.419471588156763,2.69192454227898
0.99224578720377,37.1133454726954,-122.328224486125,0.417513477012635,2.73176744983535
0.987800113740326,37.1133357677377,-122.328822377774,0.373999828896196,2.54052287916888
0.98320645905421,37.1133377563148,-122.328872809969,0.410333727836594,2.62624250955223
0.930250018222903,37.1133464930908,-122.328394682209,0.272177885989702,2.67701699459147
0.993045603510526,37.1133459368008,-122.328338719798,0.512155666790038,3.09217147204153
0.987359943977591,37.113339373062,-122.328846441549,0.4436216678887,2.84879138219907
0.985615079365079,37.1133401432989,-122.328905690777,0.325482110196116,2.365496343614
0.989295051353875,37.1133519647174,-122.328286197436,0.405547244707687,2.71992319132388
0.962937331795463,37.1133578797717,-122.328187205892,0.151645075931396,1.65190216249759
0.991731166150671,37.1133549159597,-122.328254786849,0.441663559685452,2.85380510122531
0.98994099610935,37.1133449122959,-122.328614077514,0.7214563241534,4.71662755954613
0.987269818024028,37.1133519221121,-122.32852304762,0.35115516513544,2.75641470114568
0.991519472802895,37.1133500078539,-122.328664124905,0.863528401067031,4.78046060454118
0.987776878924458,37.1133599799135,-122.32831746701,0.470817702356101,3.01992173906595
0.98927269668592,37.1133594927779,-122.328392752339,0.490181284915221,2.98664364977485
0.987300742318043,37.1133506741756,-122.328814252318,0.32200101778926,2.46365367809617
0.981316722493193,37.113357560715,-122.328459501625,0.47843259088195,3.12540022210672
0.983039958407605,37.1133647398022,-122.328342110777,0.263040021796172,2.25369624993695
0.988273516034094,37.1133636285416,-122.328422321921,0.255207563701435,2.05955299478575
0.98330721276077,37.1133577325551,-122.328851197036,0.267826522696608,2.03752050098553
0.994559421992993,37.1133610392634,-122.328575965265,0.439052741411671,2.79475341549327
0.976726140693244,37.1133620357602,-122.3285418454,0.401630997232581,2.82812403730828
0.990152133425409,37.1133689648418,-122.328154927232,0.442316262766579,2.83409348447957
0.990220742385004,37.1133661043957,-122.328485152578,0.317214514976693,2.4601534244177
0.987511420338745,37.1133634706346,-122.32871293611,0.278922502006173,2.42937359639155
0.984237441374244,37.1133638779826,-122.328623457443,0.334184843358626,2.48661098803067
0.980743767620134,37.1133598417251,-122.328829577892,0.296545536734598,2.56017141304539
0.987199597787833,37.1133658612994,-122.328682484093,0.378786331787287,2.61970728165155
0.99025641025641,37.1133731780289,-122.328351207019,0.386183653879105,2.72084127067807
0.991045694651008,37.1133648198314,-122.328903281813,0.546749029930077,3.21656115760831
0.990634267250919,37.1133680168517,-122.328755456991,0.219743944145427,1.95574757712164
0.988873118505669,37.1133744490256,-122.328235366947,0.535870614031094,3.26102403011409
0.969963505907095,37.1133753531165,-122.328525478003,0.309599627646097,2.58175870574438
0.907519751115478,37.1133862186139,-122.328102085093,0.244764289565612,2.51200597799977
0.948486819688381,37.1133807669549,-122.328316990543,0.286319835673431,2.3634324438719
0.985270099130966,37.1133748493013,-122.328791822809,0.430785145566944,2.80900837832047
0.992306052855925,37.1133760103034,-122.328726691855,0.443839242317121,2.82088804846427
0.991044106429757,37.113384341732,-122.328295921285,0.407287774724809,2.73242246758678
0.986216268685692,37.1133785301149,-122.328542842128,0.491704260045016,3.12820685559025
0.989228153689221,37.1133876502114,-122.328208165869,0.411639140864135,2.56107470438382
0.9394861392833,37.113385488716,-122.328430449997,0.366820083289292,2.52860679340443
0.991591591591592,37.1133836980941,-122.328568036431,0.518030020890631,3.08670433446495
0.971962515690603,37.1133856801366,-122.328524624105,0.435789217499516,3.2109602263298
0.981125635439361,37.1133836150813,-122.32851257495,0.286319826880956,3.26487491305662
0.972271579538015,37.1133831551764,-122.328838367083,0.298068512656251,2.46705727752821
0.992516736789183,37.1133851679021,-122.328702010067,0.357464647745393,2.52969377294275
0.989207198030727,37.1133912537603,-122.328401689339,0.439487875265209,2.94848459322295
0.986058620339327,37.1133931439462,-122.328471446801,0.367037652577295,2.57944560272177
0.976080449332392,37.1133938672852,-122.328261879972,0.280227920658865,2.41839622504832
0.985008320671442,37.1133862122843,-122.328662223836,0.510632692676222,3.16684191132002
0.985411536707706,37.1133982620156,-122.328178537153,0.823060718768384,4.71318568900393
0.992767801857585,37.1133936875475,-122.328547280867,0.46559606666927,3.09372639150466
0.985261437908497,37.113388778194,-122.32874241495,0.510197573690705,3.19644447633468
0.991701383102816,37.1133968191007,-122.328345954274,0.345933523499466,2.66095758873101
0.983260169739538,37.1133931102262,-122.328798981228,0.250203494308743,2.29171419497605
0.990083632019116,37.1134009800192,-122.328220131314,0.40859318693691,2.91479297730827
0.989260510769372,37.1133933999905,-122.328600730893,0.401631011846335,2.7323324355276
0.989525507172566,37.1133963641405,-122.32850960224,0.447102757934016,2.89444950837467
0.985153668208857,37.1133993006997,-122.328310858789,0.3420173010143,2.77120071800151
0.98599042453861,37.113403237563,-122.328070369977,0.459504159670893,2.81316545206743
0.982172500902201,37.1133991062122,-122.328443730281,0.395756659635524,2.74800803007677
0.981912765106042,37.1133935241753,-122.328907877156,0.277181958300713,2.13428286951298
0.989551083591331,37.1134086252287,-122.327995909345,0.297850944226094,2.37503585897241
0.96609563123495,37.1134019414017,-122.328891033128,0.140331527953355,1.53133674516327
0.992323429833614,37.1134028147699,-122.328703552331,0.521075977386926,3.01760191316991
0.991010684023087,37.1134008125425,-122.328861918242,0.450583862168774,2.77153462719222
0.988812834224599,37.1134133485126,-122.328115530174,0.39140528473878,2.52201410567469
0.988451756047405,37.1134131393432,-122.328098836879,0.514113798227242,2.98809004165086
0.96948044754625,37.1134125699462,-122.328502126525,0.345280830454926,2.54740518682839
0.981366317713526,37.113409450713,-122.328571738801,0.451454144377485,3.12534921364956
0.989774436090226,37.1134093299922,-122.328823438042,0.316996953647002,2.39833654042738
0.963725490196078,37.1134157717379,-122.328390323009,0.120967952885814,1.578749160512
0.987384742764668,37.1134111820682,-122.328723190919,0.498231315897743,3.22700662637123
0.992105324806147,37.1134240755566,-122.328069003281,0.406417507408139,2.82325977976328
0.990099184327819,37.1134178289118,-122.328440338282,0.535435489715911,3.3667890451083
0.991971161723743,37.1134197948964,-122.328285593665,0.51150297590617,3.05765020097531
0.989030258078013,37.1134158399945,-122.328622134425,0.498448879546377,3.12844985522685
0.989644315595873,37.1134254071756,-122.328235474798,0.309599634571299,2.43897897624876
0.984758745313806,37.1134225213728,-122.328335660777,0.341799735558007,2.51522577802708
0.991554065494937,37.1134235645174,-122.328372836036,0.283056305669993,2.18464767664861
0.957301341589267,37.1134200259727,-122.328743265504,0.112917923822892,1.26173040347963
0.98523708652436,37.113418130018,-122.328786530872,0.351372750416385,2.53745475919869
0.989860566448802,37.1134251581628,-122.328187457941,0.437529770586524,3.03384499456135
0.988305891462276,37.113425336815,-122.328305615042,0.417295914879262,2.78571585064103
0.99166254737189,37.1134242509715,-122.328393672765,0.457328476216681,2.90882261862976
0.989243470667619,37.1134247238255,-122.328479422959,0.362903859537876,2.74245436247581
0.990092115761224,37.1134244174748,-122.32860103764,0.38727150299513,2.65111280627813
0.993483836777954,37.1134236229233,-122.328649416077,0.445797365132058,2.82085156162184
0.991736421664182,37.1134273670569,-122.328462047241,0.485829926921019,2.96765569188056
0.992586836584039,37.113423600548,-122.328692068438,0.368560632038048,2.53205512552218
0.983716336657513,37.1134193709925,-122.328865937173,0.382049851881845,2.7799894713235
0.989452179512802,37.1134353699767,-122.327924334109,0.417295926481053,2.61398346698353
0.988996848739496,37.1134250792442,-122.328736802098,0.519770571685542,3.166735309591
0.981277455188084,37.1134333238766,-122.328049708338,0.548272014883923,3.31327018077592
0.992672858617131,37.1134409508113,-122.327887728184,0.526080057090101,3.1841601815032
0.992140385565991,37.1134264954193,-122.328804994346,0.463202833111622,3.27499122080461
0.984836197853627,37.1134265452484,-122.328910367243,0.46298525962882,2.99839212745772
0.982180035650624,37.1134343957409,-122.32841144174,0.52194626012029,3.09013429880164
0.992139713028068,37.1134399014424,-122.328066748746,0.34136460621626,2.53654908778421
0.990400800691506,37.1134381333589,-122.328169488381,0.410986439671831,2.77935692238463
0.974764848707433,37.1134344933183,-122.328545360818,0.461897418028384,2.88342722596352
0.990929836572051,37.1134284399343,-122.328828505722,0.539351706534225,3.35772864437464
0.988720359694782,37.1134415123838,-122.328235405181,0.494097517953373,2.95785451665962
0.989728420103674,37.1134331290459,-122.32871296848,0.35050246779044,2.72705445030159
0.979195501730104,37.1134474968338,-122.327939158595,0.269784651741405,2.03079127645253
0.987273683419728,37.113439669689,-122.328445252917,0.374434975565505,2.45716272908389
0.990937874573128,37.1134412042833,-122.328544652191,0.408593193799145,2.60186291357206
0.990378902143608,37.113445922619,-122.328298814145,0.402283713610733,2.67449999330063
0.990938511326861,37.1134514927825,-122.327992513371,0.447973050156095,2.9354163206104
0.990005184766214,37.1134411773232,-122.328653985811,0.399890466917911,2.81111598049825
0.920385728061717,37.1134551242204,-122.32809757195,0.158172125437783,1.67340695244987
0.974797066440339,37.1134497936573,-122.328360933919,0.410768837517707,2.82212839944964
0.987055874981572,37.1134472845477,-122.328565518603,0.379656614278528,2.63622287716211
0.989680918663762,37.1134467486439,-122.328637833022,0.41512024124564,2.73641921657714
0.975012807973546,37.1134434085588,-122.328801048817,0.396191798615516,2.85313990166062
0.97921568627451,37.1134457562333,-122.328775519689,0.36507954829349,2.49887598766247
0.991142378974772,37.1134570183952,-122.327966286653,0.460592020169679,2.94048424590205
0.972830741491999,37.1134573493033,-122.328206030593,0.33810107763048,2.59550066414572
0.989383165853754,37.1134609789595,-122.327984715816,0.454717668003427,2.75978653738539
0.970771150657299,37.1134538002101,-122.328476175654,0.544573361457367,3.6303727816659
0.982688263711282,37.1134489972128,-122.328705010899,0.333314575934559,2.32921596410114
0.982277619845956,37.1134521414377,-122.328511847257,0.382920149750376,2.68971636442526
0.98657106623744,37.1134583560381,-122.32805076299,0.474516398274756,2.92764055753334
0.968847627468317,37.1134599867619,-122.328230944447,0.519335446663041,2.98425454483411
0.991796937953264,37.1134517848775,-122.328739385849,0.363121425309106,2.67837617125983
0.989607057776382,37.1134475183766,-122.328881209801,0.723196903754109,4.5536641813378
0.941683006535948,37.1134661179381,-122.327954064669,0.125536887601576,1.74517094548308
0.990608875128999,37.1134618133617,-122.328069423999,0.48452451546428,3.0784910375628
0.992569435583344,37.1134536679192,-122.328688837315,0.444056825067832,2.95177837022546
0.984210996471482,37.1134526262021,-122.328817610871,0.416208097842689,2.99167765303487
0.985230123380945,37.1134699386224,-122.327872311313,0.368343070468174,2.63635964129518
0.988811863418136,37.1134698777465,-122.328032218105,0.415990517216945,2.77388474181643
0.988812646413222,37.1134606315258,-122.32878884979,0.504323237764409,3.18357384604185
0.988863389298224,37.113459391794,-122.328865486527,0.471470419585101,2.8857006718626
0.987528344671202,37.1134630990277,-122.32872655881,0.433613546092815,3.05237119159199
0.88073316283035,37.11347321596,-122.328255223919,0.151645078971958,2.21290626491665
0.990207763677581,37.1134625545671,-122.328750336495,0.397062084114051,2.67110365021421
0.993767144163365,37.1134682558991,-122.328429078443,0.379874183850038,2.67706472612775
0.986888273314866,37.1134690012363,-122.328568068003,0.339406491626522,2.43864736115881
0.970620379299261,37.113479728471,-122.327888795707,0.176230293712991,1.78538479945175
0.988549019607843,37.1134767979598,-122.327967154809,0.406417521593039,2.70627156994975
0.990564115359824,37.1134682539362,-122.328697700612,0.447320350740923,2.71973306180581
0.992530790623758,37.1134712098438,-122.328409439046,0.401848585167774,2.88282163260345
0.987847446670976,37.1134721127612,-122.328386442578,0.352678152847019,2.83207871818642
0.985748061282391,37.1134816716317,-122.328009958656,0.298503660176778,2.36823863469997
0.988514791881665,37.113474299814,-122.328468836745,0.434918959890112,3.02940073396017
0.984608156361586,37.1134709399816,-122.328624219329,0.307206390489814,2.47669605082486
0.988036733680814,37.113468239256,-122.328821984239,0.305248273209522,2.30961438679017
0.991446965802551,37.1134800092877,-122.32806006279,0.391405309118584,2.87456283773131
0.915859284890427,37.1134717174042,-122.328881492091,0.103344925993133,1.35136740801859
0.943333068720066,37.1134828905271,-122.328136532922,0.370301174770983,3.10181964180116
0.937015304875067,37.1134789463314,-122.328647107208,0.379221484641994,2.57780344358108
0.984968203497615,37.1134809697028,-122.328363945155,0.352678175354081,2.6615852389001
0.980368952314654,37.1134826868604,-122.328304050457,0.476256926307938,2.93774114256061
0.980248737049405,37.1134884279783,-122.328041377632,0.445579790477247,3.15252757233966
0.979906298802707,37.1134907144243,-122.328072142351,0.380744467215441,2.66899167747999
0.993571198971392,37.1134872133341,-122.328286833918,0.323306448979469,2.37666294304103
0.846644692359703,37.1134837986804,-122.328638894978,0.128582844274274,2.02316116634267
0.440196078431373,37.1134822843176,-122.328641055592,0.000217568320576409,0.097004590914568
0.972267619099158,37.1134786155736,-122.328709011581,0.523469243384793,3.77948451024571
0.974615353387732,37.1134813762615,-122.32886479018,0.430350028579739,2.75173736382939
0.977600391050117,37.1134797687083,-122.328796331027,1.00908163073747,6.09327890137547
0.992550895956469,37.1134908326991,-122.328261698196,0.407505362250872,2.75904924557372
0.984092004550099,37.1134968089302,-122.327979072181,0.475604224747535,3.10261935866827
0.987271913331543,37.1134840564869,-122.328765520736,0.509327305661897,2.94994275380816
0.981371166238004,37.1134972580775,-122.32782647827,0.334184869760786,2.54228179457707
0.991300984018762,37.1134848173652,-122.328726793257,0.393798564366224,2.73373902188744
0.986052389705882,37.1134852620576,-122.328677660163,0.36638496182108,2.68719289112339
0.992773109243698,37.1134980977373,-122.327929235659,0.373999850778531,2.62011008081387
0.966442664702814,37.1134850248041,-122.32874658291,0.317432093490235,2.78350605197928
0.990439654122519,37.1134985602177,-122.327887047747,0.469512317787195,3.20843130007892
0.984723592662872,37.113490184078,-122.328543791896,0.373999847264386,3.07340573483394
0.989959398872405,37.1134854626317,-122.328980267949,0.483219105199494,2.83388500390074
0.983132823750969,37.1134848407986,-122.328903977288,0.421212169495124,2.74799539232943
0.991419693560484,37.1135026777061,-122.32786219286,0.443186559139064,2.95032672177103
0.986978226873572,37.11349621288,-122.328442837496,0.631818242363788,4.3568893698234
0.992122196945077,37.1134876166559,-122.328944634235,0.4303500275608,2.81907699691007
0.981187731022496,37.1135043179075,-122.327841902498,0.386183671892994,3.17943741831867
0.919225438866646,37.1135009134538,-122.328077901089,0.381397167300149,3.72041407599139
0.956057744198597,37.1135011404088,-122.328325964671,0.422407861853074,3.08822484464814
0.984569253233208,37.113494203801,-122.328818235001,0.355288981424503,2.52181769173061
0.990959995381862,37.1134952826873,-122.328587834259,0.490834005360343,3.03333549582788
0.988319461329842,37.1134992499404,-122.328562710866,0.309164499242747,2.45690324261296
0.990171651899718,37.1135106537308,-122.327806570574,0.415555393273209,2.83211279026984
0.961594030324681,37.1135054867164,-122.32836962207,0.126189595679731,1.4374406718165
0.994022224274325,37.1135147925961,-122.327872026293,0.321130765704434,2.36571466494443
0.97202743166232,37.1135060852545,-122.328677846925,0.394886403186358,2.67985466405194
0.990156445556946,37.1135159743687,-122.327938388936,0.442098723616422,2.67390825617799
0.983782478508645,37.1135142783263,-122.328242024789,0.393798566456449,2.7562109391526
0.987318758921193,37.1135238177163,-122.327696496889,0.375305264066139,2.69050478080025
0.989027215824601,37.1135145968348,-122.328267553778,0.284144157942571,2.41639515332591
0.988435589289479,37.113506587398,-122.328639005577,0.357464694404551,2.68880011469024
0.941700777261647,37.1135152679768,-122.328026108786,0.605090570933743,3.37627215205012
0.986301997434488,37.1135088645687,-122.328756937195,0.405329682263083,2.79024044969702
0.980700506008855,37.113514821155,-122.328362359464,0.24781025584146,2.16059266075739
0.992022263450835,37.1135180931075,-122.32805737257,0.516507049352729,3.10925563874146
0.981687435794363,37.1135212955744,-122.327959954732,0.42904462948863,3.01164622199251
0.983577695342401,37.1135129808612,-122.328540148218,0.311557759646314,2.27257123253445
0.994060413354531,37.1135231794081,-122.327906500771,0.447537927667386,2.85065576232102
0.980615742170837,37.1135203963425,-122.32789543123,0.627031752908202,3.47735034921267
0.986978381096028,37.1135157984474,-122.328442865654,0.309164508455851,2.5098615334344
0.979629746635496,37.1135232043161,-122.32782961061,0.424693257372538,2.63756024771737
0.993315344486418,37.1135067123963,-122.328872714855,0.51911788959429,2.95274133329604
0.98447967160138,37.1135113928982,-122.328729308136,0.426868946228068,2.68863945964127
0.986802061415546,37.1135180911213,-122.328430764509,0.305900983772893,2.22321880528894
0.98592121533298,37.1135214471651,-122.328275167901,0.41794864080404,2.68317590385445
0.991465990705534,37.1135208384203,-122.328189929304,0.380091763509767,2.64304742930015
0.988072197455692,37.1135126199678,-122.328832255159,0.263475175592933,2.05032563650235
0.987887737062038,37.1135169719988,-122.328477596284,0.459939310837944,2.84170451412249
0.970451724993795,37.1135150509827,-122.328705102138,0.223877758675103,2.21456219099181
0.968942821883998,37.1135294948186,-122.327770440167,0.274353588305189,2.29328362121288
0.969084727908257,37.1135182782644,-122.328500316248,0.393363427888317,2.7483417150235
0.993401514631524,37.1135182132426,-122.328604471282,0.414249989665621,2.77790962326298
0.983505292777703,37.1135223442058,-122.328405475666,0.419254054707302,2.89510808750726
0.97432652073175,37.1135260400088,-122.328451875468,0.276529270781935,2.3599679813372
0.985125633473958,37.1135356701487,-122.327801761049,0.352460595652961,2.5627838785981
0.976986731745631,37.1135189170128,-122.328936789653,0.325917269504715,2.37320098805696
0.982061570060424,37.1135269408422,-122.328310380538,0.378786343866716,2.76089611710395
0.990159683362904,37.1135357926936,-122.327833766134,0.414685112799753,2.77298343711695
0.981005898294277,37.1135307938813,-122.32800099684,0.706879309153569,3.78534465478703
0.988907276465573,37.1135209831302,-122.328837622177,0.380309330036703,2.9225285765226
0.954959293658984,37.1135322630078,-122.328407928563,0.244546733867607,2.06246088162475
0.988886155612271,37.113539475169,-122.327857607094,0.912916465890174,5.60571128206091
0.983858107558376,37.1135297866661,-122.32857824317,0.476039370717699,3.74581605074164
0.952267532779983,37.1135264881346,-122.328977359019,0.166657295789921,1.83736662469331
0.986507436470206,37.1135383864601,-122.327940430989,0.487352923585036,3.11598042376057
0.991042250233427,37.1135409117378,-122.328032634182,0.330051066133365,2.4325148872958
0.988124390027504,37.113546441727,-122.32778378728,0.423605424286313,3.02109444888274
0.991126050420168,37.1135455801548,-122.327900530428,0.336795680864996,2.47780914864373
0.993507214206437,37.1135426151215,-122.327950708554,0.40728779667357,2.83429249258429
0.983686025915913,37.113544788425,-122.327980961878,0.303290166657075,2.27462698693075
0.974076065526759,37.1135323862401,-122.328690891595,0.263257607701298,2.34519680811547
0.98807151630954,37.1135322494863,-122.328718040727,0.408593199171891,2.77488113132699
0.991280108641269,37.1135345628976,-122.328760750176,0.398585068984707,2.62330769645786
0.984584178498986,37.1135387343925,-122.328456177605,0.280227930677065,2.22942920579018
0.980064220810275,37.113538104718,-122.328651077509,0.415990534911066,2.88744145469365
0.989832402234637,37.1135463851268,-122.328060536091,0.438400066647822,2.92124220921831
0.977025219405566,37.1135490621575,-122.328019896202,0.288277956161948,2.2677131041826
0.986898395721925,37.1135421537534,-122.328571948663,0.462115005819197,2.71877553512762
0.987287703185364,37.1135436080324,-122.328542178721,0.259558946651971,2.28081171489348
0.990570738479679,37.1135537142856,-122.327953224292,0.501277289126227,3.08255445771451
0.980784820388104,37.1135517354656,-122.328205536485,0.373782291958981,2.53543429804508
0.990212837271661,37.1135535706956,-122.32797262706,0.566982912973339,3.25543303168796
0.991174013465035,37.1135567598074,-122.327808674986,0.382485019370106,2.69510269610743
0.992121292961629,37.1135440408985,-122.328671658937,0.432308155082209,2.77723478790225
0.942310708898944,37.1135514222079,-122.328315065948,0.174054614921563,1.96914392934899
0.919800076893503,37.113561992886,-122.327721484285,0.15686672286089,1.99481170729229
0.977849865436371,37.1135608377436,-122.327921111421,0.385748539583786,2.5569750928415
0.987977640945019,37.1135570745912,-122.327998927733,0.426216242175935,2.71172468990572
0.991481524116496,37.1135478152251,-122.328703215289,0.490398884226352,3.00630346994335
0.984608556437935,37.1135614976508,-122.327893247327,0.58286540446593,3.21933284557157
0.982245614035088,37.1135605842964,-122.328022125353,0.236931847651319,2.10972851276632
0.9878300330033,37.1135608374132,-122.328036550077,0.383572860708343,2.45801509513683
0.984763288031262,37.1135512123097,-122.328770744393,0.276746840954504,2.05816549270559
0.984075630252101,37.1135690241291,-122.327768043022,0.46690151460137,2.93293773515886
0.984818736956018,37.1135556409429,-122.32863563205,0.360293056786438,2.54461682680217
0.988382036685642,37.1135581346777,-122.328519179252,0.359857925952169,2.56283888901804
0.988690335118737,37.113565073304,-122.327849807293,0.595701933723261,4.21195305852103
0.983368099012655,37.1135651804966,-122.328288141743,0.407722943634337,2.79904650427884
0.98042355034075,37.1135605493634,-122.328592294025,0.700134699461344,3.55307027246307
0.98668880455408,37.1135677368549,-122.328061283516,0.59613706587491,3.93990427085223
0.98703688074943,37.1135723016116,-122.327864347342,0.357029540160177,2.95801599309292
0.990099987014673,37.1135676352368,-122.328174944937,0.371824178557811,2.67619815486865
0.977886497064579,37.1135641110802,-122.328414136393,0.249115673021226,2.02247517071667
0.986840260148449,37.1135591079962,-122.328649263837,0.375522843559689,2.66292499007198
0.982349863022132,37.113577719756,-122.327650894213,0.308729381229881,2.30762027966189
0.959560561813378,37.1135747514728,-122.327685017772,0.470817744952242,2.92323550328191
0.93813035917731,37.1135609288988,-122.328713430049,0.168397838478794,1.81233584750518
0.973989595838335,37.1135611431799,-122.328740186241,0.145335606200728,1.55982830227732
0.991187114170155,37.113563687289,-122.328465381988,0.396626957376228,2.80819095212452
0.988395259216171,37.1135577564945,-122.328893023618,0.395321550199226,2.72488780254173
0.989942548787012,37.1135572015271,-122.32894766869,0.410768895946092,2.79777793479514
0.984008665472954,37.1135619494683,-122.328822346781,0.433831133425088,2.99865381229989
0.981431372549019,37.1135680952119,-122.328571367435,0.281098203246433,2.28331187096334
0.84515608875129,37.1135714280418,-122.328598019835,0.154473470639822,1.91192996078535
0.991531462258106,37.1135792504267,-122.327899376398,0.367690382535475,2.65274768356152
0.967315256883764,37.1135695504482,-122.32861312281,0.631600696735495,4.06340454871646
0.986515212981744,37.1135828706772,-122.327839933152,0.356159264532373,2.49168185549487
0.979960646230323,37.113579472531,-122.328120305807,0.267173838349268,2.10702140033461
0.976067899513676,37.1135806919914,-122.328017722292,0.304813157773816,2.4053318302858
0.977963556556643,37.1135822664704,-122.327882041997,0.309599653518594,2.36562418716139
0.894262058342158,37.1135748380084,-122.328404341138,0.305248286035423,2.51029542371432
0.934651739010737,37.1135688514732,-122.328869776717,0.31764967980524,2.42007540500308
0.989511870321899,37.1135716062147,-122.328799313469,0.406635101293273,2.75866369032101
0.982956376348989,37.1135834366743,-122.327956862844,0.632035833244728,4.51641434546863
0.989223365586443,37.1135747030297,-122.328727936451,0.36594983573485,2.64503359375081
0.978911454540551,37.1135863867534,-122.32791558128,0.34484571300625,2.58876121291318
0.987707565624858,37.1135801915349,-122.328508631702,0.411204035802089,2.8064903505768
0.951538381309971,37.1135785261697,-122.328845747683,0.190372241902949,1.88071268666132
0.989211986681465,37.1135791868371,-122.328690157193,0.382267455820115,2.49480846239715
0.989189569270331,37.1135926323982,-122.328034517417,0.466683947856001,3.0356337252311
0.982611912689604,37.1135779353569,-122.328942965805,0.305900993508439,2.24768061021961
0.984379943346945,37.1135929936516,-122.327799117024,0.780634965474827,5.34997990587931
0.986284995281535,37.1135796686034,-122.328915544282,0.279575234570576,2.34906786986749
0.987103174603175,37.1135970114713,-122.327751343292,0.403371586386085,3.02424832583982
0.979635123614663,37.1135870214195,-122.328647874472,0.276311705185735,2.09657521122795
0.989544014327042,37.1135877353055,-122.328442381906,0.410986480532751,2.60895848192386
0.983566760037348,37.113598246564,-122.327939660289,0.356376832959353,2.61588216077403
0.986854235365032,37.1135878982499,-122.328415464087,0.53260714160899,3.0826177385623
0.964058512293807,37.1135950155401,-122.328186636166,0.155126178351387,1.54811992681129
0.975401517390876,37.113584938256,-122.328821690976,0.197987134019113,1.91005447884179
0.987524140594824,37.113596359415,-122.328019853372,0.413597283092765,2.71782115167537
0.989972995186098,37.1136006649481,-122.327959296653,0.323959162566741,2.39897110828904
0.940961081402258,37.1135904975983,-122.328575154939,0.265650865774832,2.37573143479473
0.98997693194925,37.113594622158,-122.328270164236,0.480825896237215,2.97312041659835
0.987676782204324,37.1135985720348,-122.3279905798,0.389012080119219,2.84228523837179
0.983937093899143,37.1135923817136,-122.328739017601,0.326569978260778,2.40534919909175
0.991124871001032,37.113602023153,-122.328079365006,0.482566426033364,3.07952524291671
0.988209801797209,37.1135954769877,-122.328678319189,0.434266276911759,2.74195668044079
0.987965623267302,37.1135923679822,-122.328834615254,0.372694452529189,2.50542020967994
0.989144643364592,37.1135918683213,-122.328787751424,0.497361073336153,3.04221861483773
0.991113122171946,37.1135959041478,-122.328634182138,0.319825360911816,2.44314494206398
0.989591350558915,37.1135905397696,-122.328940864351,0.410333759428799,2.61018580135877
0.983519303814961,37.1136080586673,-122.327892405945,1.20358770945603,7.9257389062935
0.988725490196078,37.1136031789689,-122.328473337019,0.467336657942248,2.93466822627513
0.990264105642257,37.1135953000677,-122.328859600496,0.463637997525521,2.84817636538718
0.992474428566153,37.1136144413601,-122.327813222627,0.263910317431705,2.14915328239488
0.984510841373586,37.1135999886894,-122.328595666605,0.363121438980356,2.70255070716876
0.979481928167785,37.1136046622148,-122.328382324418,0.482566447163076,3.00945230898335
0.988067149404714,37.1135996694514,-122.328894132098,0.351807899466342,2.6019672494549
0.986059112206604,37.1136161301568,-122.327842516603,0.431220323705097,3.00370538316113
0.990201450443191,37.1136047183384,-122.328513237766,0.524121974715868,3.05987914638997
0.990911302486255,37.1136142727441,-122.328027070423,0.389447213331414,2.75200502389461
0.992735935495694,37.1136165606188,-122.327760494454,0.509544887597248,3.217914753612
0.99066378845116,37.1136166413562,-122.327863984179,0.459721762082487,2.82230430481573
0.987248696947133,37.1136139508807,-122.32836401222,0.30416044904794,2.19355037069194
0.984563955193244,37.1136068329152,-122.328798271303,0.481043457045903,3.11012676487353
0.940697853944727,37.1136216644986,-122.328017441997,0.139026129181031,1.70758045654767
0.990136331540927,37.1136218283972,-122.328062480109,0.348109237375342,2.51209841032382
0.955974953699621,37.113614549304,-122.32844122283,0.332226759771609,2.96701433945528
0.982448655891925,37.1136216656274,-122.327937978857,0.358552534743515,3.10331803477353
0.990809792843691,37.1136258416988,-122.327802099368,0.428391938490836,2.94374155528958
0.990548616706957,37.1136100647786,-122.328711296324,0.564154542423962,3.32457381621221
0.989710697638584,37.1136150353847,-122.328576030704,0.489746185587624,2.9036541506762
0.98889128300893,37.113623532822,-122.328152744774,0.392493173046474,2.69773247076354
0.989489636520482,37.1136120551808,-122.328772378702,0.414032441593788,2.99650946442121
0.989853327157635,37.113622978989,-122.328345304058,0.303942884148396,2.3591724075383
0.988917911747292,37.1136131531228,-122.328975804118,0.275876570885983,2.13640863976309
0.978612194157202,37.1136287654244,-122.327927827414,0.331791621813571,2.27425841721163
0.982548436041083,37.1136172940079,-122.328827145228,0.316344274565603,2.2874522584226
0.982333954708644,37.1136262611558,-122.328087702472,0.538263912882268,3.41240589503311
0.988075969076458,37.1136185579519,-122.328682585316,0.516724659442236,3.26631894232786
0.976357341616515,37.1136308993778,-122.328127036819,0.292629334450191,2.30003807414966
0.989028247018713,37.1136320966241,-122.327776242719,0.596789785060323,3.27274198862251
0.988419776512756,37.1136317076017,-122.328066965468,0.353113319462724,2.68406535000561
0.981792999742783,37.1136186223404,-122.328864362563,0.476474526738185,2.98524869180943
0.984069581139849,37.1136369023296,-122.327827584064,0.370301209359786,2.57656429151748
0.988556106203165,37.1136213943345,-122.32874981379,0.409245926029002,2.95585628888406
0.968656180420886,37.1136342519157,-122.327869476811,0.410551340550008,3.52406346324261
0.985660574909575,37.1136190759293,-122.328930510823,0.39858508539363,2.78927514496051
0.990866219905684,37.1136356488772,-122.327974904797,0.450366331348174,2.68516944459345
0.99125938932787,37.113621154008,-122.328904893528,0.309382089951798,2.62863170718018
0.992252510760402,37.113629550269,-122.328562799045,0.451671736612922,2.88766677011205
0.993339171897047,37.1136264480214,-122.328647787853,0.398802655756188,2.81291144036888
0.931997123173594,37.1136381372312,-122.327994410094,0.271960347197764,3.07784735925832
0.985708425629666,37.113632180657,-122.328483171145,0.23758456284299,2.03859032333256
0.99239124221117,37.1136425421277,-122.327911489876,0.33462001499881,2.41563962300445
0.935665076841547,37.1136330158797,-122.328597447335,0.321783484877114,2.71803271542447
0.992840814050739,37.1136310647317,-122.328662995344,0.505411110788332,3.06258069112894
0.987197791738055,37.113631779888,-122.328627155631,0.395539127486648,2.73651547588916
0.975456821026283,37.1136489808683,-122.327853381467,0.223877760336511,2.03772629934791
0.988004290075076,37.1136368341066,-122.328700368096,0.33853624072122,2.34709766036533
0.977586367880486,37.1136486631058,-122.327786617124,0.407070253213093,2.79560700122114
0.986451935762704,37.1136316703899,-122.328838699592,0.406852689610706,2.81838736055504
0.993845315904139,37.1136451545085,-122.328055936953,0.444274416904499,2.90609101412171
0.989312176875611,37.1136449882264,-122.328157522338,0.400325630074636,2.86147142459625
0.990988505747126,37.1136412812118,-122.328457220912,0.363774164505052,2.85131296051808
0.983464334009466,37.1136531276363,-122.327827495523,0.430567623451255,2.87404007205953
0.951731184276989,37.1136494865716,-122.327897828051,0.404894567911967,2.82760900952873
0.976086558975922,37.1136454687477,-122.328126680495,0.461897454960833,2.94146484583452
0.986689973146882,37.1136383931492,-122.328826301529,0.35877009238347,2.51760716502188
0.984859943977591,37.1136353812883,-122.328869952184,0.406199972524163,2.78554502073835
0.986040506737675,37.1136397110152,-122.328726643507,0.337665969205075,2.5183094963814
0.980952380952381,37.1136410379597,-122.328941231619,0.30851181283186,2.25511876178058
0.969651887377247,37.1136415994169,-122.328881612073,0.296545569927014,2.15360371697829
0.985798083278255,37.1136477169306,-122.328539572581,0.332444335773322,2.65072130071887
0.989406099518459,37.1136432505161,-122.328896447685,0.304813169509751,2.55075550640696
0.987696310751789,37.1136608444052,-122.327865681115,0.309382094518286,2.26328746652619
0.990365202684847,37.1136458164414,-122.328805121148,0.360293075239173,2.5925858795869
0.989753320683112,37.1136590947621,-122.327994428174,0.421429761574188,2.89274655037302
0.991636370860401,37.1136568845874,-122.328190546288,0.4749515410897,3.05237643567078
0.98640411388436,37.1136581176483,-122.328447499606,0.233233191993342,2.06053360056751
0.987160608643985,37.1136549533606,-122.328657794453,0.367037685879536,2.52786808654402
0.97897952284362,37.1136490698196,-122.329000008916,0.382049892680412,2.56557300719441
0.991897215507207,37.11365093994,-122.328929640036,0.427739242007135,2.76154136583975
0.992931672141986,37.1136667105786,-122.327960080321,0.459721776573657,2.95761598356497
0.991438536953243,37.1136545410524,-122.328970597616,0.493009725073526,2.92450019004523
0.9882393080057,37.1136719674775,-122.327841517404,0.473646147603847,3.08558271885837
0.990978057889823,37.1136607432353,-122.328675869216,0.481478602998353,3.05194268770928
0.957438499013568,37.1136627512874,-122.328598539676,0.236279151442469,1.93302304967775
0.881444444444444,37.1136608941752,-122.328770434335,0.160347821099752,2.04568470032836
0.970471367354889,37.1136698776016,-122.328132695447,0.29937395468439,2.55063752865367
0.991897788322561,37.1136769770894,-122.327745412933,0.35463630403324,2.66466506507887
0.991577459812754,37.1136642520835,-122.328724812295,0.266738714447884,2.05833341746044
0.992070779531325,37.1136726317932,-122.32815802956,0.397497251967991,2.65987460207596
0.990584336468639,37.1136634986797,-122.328566010282,0.565895087180336,3.3663981644648
0.992091593919121,37.1136774779398,-122.32799381489,0.359205239101915,2.79436823146992
0.987019650422601,37.1136642221676,-122.328821960867,0.901820527501255,5.67426467568197
0.98641947051194,37.113665373718,-122.328861408582,0.481696175113463,2.94166083343417
0.989139075788866,37.1136841286365,-122.327948865909,0.415990557940253,2.90289390040643
0.988775220233021,37.1136784655458,-122.328192277107,0.334837587343046,2.60703858981636
0.982818176024473,37.1136735543388,-122.328624191086,0.43557169831937,2.8049693435791
0.991324173754436,37.1136739111518,-122.328653656282,0.469512353056707,2.88268045748618
0.988515688249116,37.1136787308176,-122.328396383637,0.465813692279669,2.70219096577318
0.993227167410174,37.1136860827453,-122.327970793881,0.544138273281648,3.1009414447754
0.989732455842775,37.1136793364409,-122.328423239301,0.417513533971855,2.97687170145995
0.98997596457938,37.1136753784133,-122.328767159981,0.369213373067265,2.62948694537772
0.990865782932892,37.1136899124748,-122.327891565001,0.278704972718664,2.32743648264819
0.992838152210037,37.1136716492678,-122.328971162615,0.346803841662633,2.41932496791879
0.980780961957433,37.1136958560685,-122.32792417893,0.286754997860699,2.49946006842201
0.969060536836094,37.113685348845,-122.32841041903,0.394668860624669,2.72393958155397
0.992262755687333,37.1136841671069,-122.328524960528,0.524992270210565,3.09027003250696
0.991850135187331,37.1136962090113,-122.327764730717,0.417731100635649,2.7245643076679
0.991194295900178,37.1136940948739,-122.32803301543,0.377263398008553,2.74708269561108
0.988037829972979,37.1136803293018,-122.328820125311,0.530213904013594,3.07267670109212
0.989296748340522,37.1136862573185,-122.328623491036,0.321348344176831,2.44115619366058
0.982561709443694,37.1137041786522,-122.327880126055,0.455152850882911,2.95071656513694
0.990893246187364,37.1136897776602,-122.328807073337,0.392928318086481,2.54314214876498
0.984681753372573,37.1136891028134,-122.328854863195,0.749087598712583,3.75739417148056
0.974609116373822,37.1136951868217,-122.328552822562,0.366167424337792,2.65854285663824
0.989812557147211,37.1137067073483,-122.327988180693,0.372041766113139,2.4043255052064
0.983556271823798,37.113698556288,-122.32850203641,0.353548461636293,2.48436898359875
0.980740037950664,37.1136982475641,-122.328786239953,0.293282046596448,2.25036549787095
0.989589682026657,37.1137119299087,-122.327967324434,0.308076686917429,2.44218453045896
0.9875018999848,37.1136996542749,-122.328938604276,0.484742138544284,2.93221227853144
0.984544405997693,37.1137061570684,-122.328461320212,0.373129613019375,2.84580663432506
0.987176128922043,37.1137045948724,-122.328808993139,0.48757052753403,3.08053137186769
0.98488225186982,37.1137191978622,-122.327946241072,0.363556604114361,2.7307016876311
0.988207870560812,37.1137079255737,-122.328590517048,0.474298865006958,2.69071446083418
0.955029585798817,37.1137103229452,-122.328621873652,0.483654292934671,2.9474665339451
0.99161055350866,37.1137094901421,-122.328778783151,0.44732039535135,2.77995116697294
0.982797858099063,37.1137163207002,-122.328517099492,0.461897462196211,2.97274216517549
0.984515154376357,37.113742161913,-122.326918944764,0.297850979934881,2.30068711895579
0.970964687406176,37.1137162034293,-122.328576247725,0.400978341130141,2.86964842593182
0.97448910962802,37.1137203298378,-122.328160638216,0.353766030801177,2.79563911276298
0.989011953805633,37.1137135544435,-122.32884984863,0.416860831920475,2.72977158805734
0.977671494129567,37.1137271487284,-122.32813037666,0.316344288286949,2.43327294118026
0.991317988064791,37.1137277727019,-122.328040127868,0.282403632089381,2.40507667054722
0.991127028917348,37.1137340268814,-122.327776187236,0.404241874638656,2.82837155876213
0.991006866881774,37.113745390205,-122.327107515674,0.351155215043327,2.56255550733595
0.987315361452925,37.1137323788257,-122.327938515461,0.392275616016562,2.67016163242593
0.966095376422174,37.113717825772,-122.328935156015,0.20103308984765,1.91747346319266
0.991002884944502,37.113746772072,-122.327201608544,0.394451302497704,2.76322109247034
0.992053117543314,37.1137352888185,-122.327990376612,0.284361750229636,2.3912737428968
0.987311070261438,37.1137220683317,-122.328871696149,0.362033628157265,2.45616576748912
0.991352963949808,37.1137296435094,-122.328477129876,0.420994633790603,2.85315520012098
0.989039955604884,37.113724148665,-122.328737343608,0.404241883053803,2.82676279245989
0.983442265795207,37.1137496147145,-122.327169606145,0.478432672827009,3.80151467307158
0.987734284890427,37.1137358602091,-122.328117627234,0.26847926657693,2.19301559885486
0.985862987170177,37.1137283545171,-122.328585732127,0.342887619071636,2.40988572095905
0.993359526312877,37.1137400346304,-122.327811441866,0.505628703919556,3.20393877727812
0.987344234118099,37.1137400030453,-122.32802771508,0.426216272314323,3.06028366487493
0.986182963956484,37.1137612452469,-122.32686133401,0.432960896519271,2.89799054158707
0.991390101388023,37.1137587532641,-122.327037222253,0.401413486042037,2.72036482695043
0.990466004583652,37.1137278583681,-122.328914425653,0.380091797305312,2.62578279185609
0.988201890637004,37.1137613138838,-122.326776530189,0.277182000224948,2.14253956335836
0.991582974653276,37.1137458651654,-122.327682833782,0.609191221900854,3.40145094086694
0.986399461745482,37.1137335528574,-122.328599648974,0.287407704813992,2.24131291377415
0.991416452729099,37.1137304631337,-122.328796614883,0.494532717731368,2.98686573202932
0.990299514301133,37.1137435653486,-122.328075416291,0.420559499516904,2.6468750316749
0.983384803921569,37.1137373305845,-122.328626137413,0.377045846193691,2.56761150991764
0.990292018948252,37.1137354010163,-122.32864287874,0.315474019248261,2.3576713724831
0.989594728592906,37.1137568012897,-122.327291585093,0.577861371421513,3.24301217538865
0.990190611560609,37.1137609069662,-122.327077950257,0.506716536065613,3.02979650466978
0.984860252169327,37.1137357013264,-122.328860255913,0.382267476808231,2.55174431059244
0.964568186825292,37.1137673246715,-122.326947508724,0.177753290839939,1.66400958850721
0.990858161446397,37.1137468467696,-122.328136850791,0.36964851443253,2.63592682602756
0.988437476157778,37.1137418130302,-122.328693119399,0.481043484137889,3.10873639217306
0.990377177096608,37.1137640651662,-122.327237654296,0.423170325671012,2.87831081103942
0.972799580456254,37.1137330215268,-122.32882402758,0.962304533787568,5.61719550522085
0.969206954036675,37.113741127431,-122.328878139994,0.127277449577153,1.44219784434264
0.990852187028658,37.1137402638251,-122.328899825248,0.489528645702218,2.91428880765705
0.984584552052865,37.1137588848658,-122.327808444871,0.353766036245724,2.44725611097561
0.980787884197685,37.1137556217089,-122.328152354029,0.315909155201124,2.41110960155637
0.985983148279392,37.1137764244235,-122.326792937938,0.242588649579358,2.14169514521835
0.992398494751436,37.1137726670977,-122.326999539018,0.474081300587988,2.81745467205855
0.989273134806276,37.1137451969232,-122.328724883783,0.498666509848581,3.10090529812627
0.985302468517219,37.1137457755438,-122.328839207919,0.287842844123544,2.39445214650175
0.992820772498382,37.113758426699,-122.32810327809,0.349632242433991,2.5961749486925
0.984486274509804,37.1137756513692,-122.326945546679,0.303072634405896,2.4495719334529
0.990842652850614,37.1137516942341,-122.328658350432,0.448625807220655,2.88192689600879
0.99058972073678,37.1137494235458,-122.328927128563,0.503888157225348,3.17251838339905
0.978804026050918,37.1137761193108,-122.327275275737,0.287625278114319,2.33508179091713
0.991666666666667,37.1137670150494,-122.328024165175,0.377698545466893,2.64681752124839
0.991836395575179,37.1137668901057,-122.328005899093,0.400978357831275,2.80828760023205
0.979162274228688,37.113753259904,-122.329046056349,0.274571180612311,2.47997249989489
0.982668642484376,37.1137595008372,-122.328619870512,0.436877123592766,2.93380728416609
0.990454076367389,37.1137849136998,-122.326992140066,0.505846271745321,3.24592953173373
0.990189705351263,37.1137590731923,-122.328747241272,0.432743327285826,2.87614377986373
0.96355316129406,37.1137612213312,-122.32880260809,0.323088909973904,2.44816610813848
0.980782469727703,37.1137653773198,-122.328737600797,0.31003481147125,2.38409893956034
0.987980569871453,37.1137911260488,-122.327017393836,0.31503889365552,2.28769694576139
0.991643587755253,37.1137598790164,-122.328971170702,0.503670589409163,3.01491899765126
0.988481751295712,37.1137877120312,-122.327359159545,0.260429247138235,2.2029844863911
0.986317187092491,37.1137912776049,-122.327225337369,0.400760793729383,2.71260332050838
0.986261694220172,37.1137673502799,-122.328758734106,0.365514727047208,2.59128745393041
0.992582529547616,37.1137668099345,-122.328884484998,0.417295979591764,2.7029378009428
0.987563374259361,37.1137677187577,-122.328706419515,0.457110979911474,3.0249461775029
0.883196078431373,37.1137996378261,-122.326943998011,0.1068260324033,1.69019803852306
0.987757430016032,37.1137695491776,-122.328818279847,0.592656017558045,3.25397612947531
0.987818105965791,37.1138021512007,-122.326785371695,0.303942901737662,2.4059434598751
0.987557265897013,37.1137698669432,-122.328856630659,0.511503047903846,3.0830545974186
0.984996952148735,37.1137838336872,-122.328058335192,0.368343116909553,2.64261801592096
0.964395424836601,37.1138041893623,-122.326913849556,0.125319336163997,1.48707517618731
0.98209573953038,37.1138019585777,-122.327054441414,0.314168614758723,2.34145262579831
0.989440756847486,37.1138012387896,-122.327100498711,0.252379223458403,2.01295086758375
0.986462063086104,37.1138006217523,-122.327126786873,0.380309377589265,2.58611214575861
0.990477138936839,37.1137756578612,-122.32868259225,0.42360546004784,2.78948965925058
0.989857177438877,37.1137770618214,-122.328804728821,0.386401283690818,2.68109712473181
0.984806639846327,37.1137748688225,-122.329025161557,0.264127905319233,2.07891159405683
0.991298235043057,37.1137771648146,-122.328897684049,0.378568825451804,2.58792609309723
0.984926470588235,37.1137866159717,-122.328187131581,0.302637493686504,2.48277659055487
0.971833598304187,37.1138086906079,-122.32698795623,0.147511301226113,1.54223125114525
0.9776697238035,37.1138080092574,-122.327033943153,0.358552542920644,2.71216792159509
0.970639012577142,37.1138064566501,-122.327163562283,0.230187255336215,1.97863079168591
0.989678832502045,37.1138094938433,-122.327013912588,0.360728230295839,2.38390920730487
0.992352941176471,37.1138043706116,-122.327285810003,0.366602575592213,2.77068784095144
0.984021887824897,37.1138095858809,-122.327210395159,0.2175682898757,2.23881496017953
0.958780367492909,37.1138201156917,-122.326675383502,0.159695126296277,1.61248875363734
0.973508662724349,37.1137857812238,-122.328725443069,0.367472842513917,2.521631297456
0.989797184696664,37.113816619842,-122.326858010084,0.516071994319016,3.03930298444821
0.988798315830702,37.1138084025161,-122.32724735601,0.388141827745624,2.95540014833607
0.977321934258164,37.1137876150297,-122.328770477525,0.511285479558468,3.0758148070499
0.992023225271307,37.1137864671193,-122.32866182025,0.408375686432716,2.87225688842377
0.982358519510222,37.1137851921042,-122.328869800188,0.331138936558028,2.47839274071357
0.97682879050764,37.113788542644,-122.328737492859,0.499971927016362,2.98536522216021
0.952287581699346,37.113792393364,-122.328712371036,0.116616602747418,1.44028902791834
0.98782587248736,37.1137900024933,-122.328817451696,0.386618854276648,2.74359141737359
0.973464222716466,37.1137889707373,-122.32899487549,0.361163363876486,2.69255558873251
0.990297994904176,37.1138245485226,-122.326741403177,0.416860850494911,2.76120743247091
0.990815273477812,37.1137908715069,-122.328844256461,0.628337225822522,3.36712267522377
0.990949654197962,37.1138155676558,-122.327187664332,0.385313468719434,2.90933114194717
0.992409240924092,37.1138211937655,-122.32695983869,0.580254636506194,3.21906147904144
0.992234710261276,37.1137960912498,-122.328633585034,0.39488645086089,2.74017179847726
0.985344537815126,37.1138051013195,-122.328045204461,0.336143011622438,2.70757800613042
0.987906744467224,37.1138224771643,-122.327038098127,0.362468779531534,2.50319481853172
0.981970456343973,37.113795267664,-122.328698298393,0.419689228723957,2.65741739391933
0.988046448087432,37.1138218763305,-122.327223349485,0.461244779019478,3.14236606306945
0.991231108636935,37.1138052474615,-122.328134979841,0.459286663473908,2.90352908271399
0.981460689393323,37.1138265469814,-122.327003323558,0.333749764760649,2.66708345191157
0.987054098747933,37.1138241095115,-122.327110408793,0.429479811829715,2.81592936232018
0.967301316661931,37.1138301566162,-122.326805346315,0.110959830690069,1.33737538429467
0.988128147433837,37.1138293648362,-122.326931498922,0.517377402096164,3.02289084046282
0.988127931287789,37.1137971309962,-122.328928891159,0.335707875403496,2.44763337846721
0.987888883363996,37.1138311605616,-122.326875206916,0.55784511240233,3.08276234461193
0.985681209753274,37.1137990419131,-122.328808883562,0.513026029314737,3.04024390967137
0.986526211118362,37.1138317380333,-122.326784110454,0.306771292540933,2.55177079877759
0.990045248868778,37.1138037221742,-122.328778964359,0.306336154708394,2.29595251382101
0.982005899705015,37.1138340061275,-122.326960685555,0.219308842652413,1.85365782809841
0.984699346405229,37.1138093754097,-122.328517196442,0.298721264751777,2.34152340170412
0.985368806704719,37.1138272428547,-122.327242454643,0.580037082919605,3.20471098328967
0.986979599920776,37.1138070766708,-122.328678085014,0.463202892084803,2.89399506091318
0.975710429099176,37.1138067654111,-122.328895872599,0.139896411030012,1.59557589369046
0.98057220018567,37.1138089724822,-122.328701186392,0.333314624484847,2.52574053593409
0.988716241213467,37.1138074514922,-122.32887390051,0.45145420520446,2.76903141674937
0.988935574229692,37.1138385310521,-122.327013959197,0.33005110424533,2.40301450621955
0.991610544927191,37.113810921892,-122.328655051975,0.472775896946516,2.94467841942991
0.988020108705734,37.1138128377297,-122.328545668412,0.517594968803378,3.72013613630317
0.981605543451949,37.1138385434912,-122.326946917888,0.599835791786558,3.16084168718688
0.980688005539294,37.1138472403445,-122.326774793551,0.306118593814671,2.31319720366465
0.985969955172296,37.1138462901506,-122.326901001475,0.283056356596374,2.18150085653509
0.981679040548258,37.1138159105233,-122.328759221831,0.489746226523599,2.92657788282858
0.989016090741229,37.1138171992281,-122.328809764667,0.524557149094125,3.02594386985397
0.99108710150727,37.1138448033659,-122.326983799747,0.347456564546259,2.59037131258218
0.989105508870215,37.1138188788456,-122.328729388968,0.499536802830768,3.02825904254807
0.992106261859583,37.1138390225445,-122.327353696084,0.376828295005855,2.77881393892156
0.987175817830333,37.1138496226959,-122.326865300556,0.373999901153908,2.73462882874467
0.990804188543799,37.1138153463581,-122.328919346008,0.319390261462776,2.49139966368876
0.972622046956585,37.1138438488715,-122.327180201067,0.259994112863563,2.14798785651239
0.987802097583219,37.1138492857406,-122.326922931287,0.417948678526541,2.82634404637017
0.991812620659177,37.1138249571852,-122.328607235303,0.401413503820585,2.78631717170771
0.985283314427699,37.1138478359658,-122.327277813257,0.340711950533423,2.47101422576698
0.986130403968816,37.1138482756541,-122.327161629238,0.39640944804069,2.72453245409559
0.988659885006634,37.1138241363939,-122.328838778737,0.326787577607403,2.34789451878033
0.992863096021406,37.113852570285,-122.326955874325,0.436224427572102,2.92855894471733
0.988389212340226,37.1138262576982,-122.328669110811,0.283273911678822,2.50435404707765
0.980719794344473,37.1138249542575,-122.328880439273,0.389012105089857,3.08205198456202
0.987404844290657,37.113827985564,-122.328931757047,0.288060419958822,2.28123096542344
0.992346690742413,37.1138567576148,-122.327009494748,0.406635157685991,2.74961114809432
0.988243308222472,37.1138275411244,-122.328953198242,0.35006738789113,2.74265693515996
0.988839693583527,37.1138611625367,-122.326835093332,0.40206621510611,2.79577169681419
0.987920735650325,37.1138628105973,-122.326755902402,0.839596056418012,5.2037715575742
0.981562099871959,37.1138633627105,-122.326968290318,0.368125563145144,2.33451830604924
0.980192271083191,37.1138361555989,-122.328732217987,0.399020250800758,2.77826948367406
0.981801359382228,37.1138653260827,-122.327043620748,0.267391439026998,2.3389366498759
0.989144798437793,37.1138348299754,-122.328877547782,0.357029573103267,2.44255137695842
0.988421556042186,37.1138650660434,-122.327070014509,0.380526953288067,2.78089908939474
0.984894141705762,37.1138637867234,-122.327123921996,0.315038882106608,2.51180485702843
0.984633201549459,37.1138379517063,-122.328715962464,0.476256996899018,3.17962723072959
0.977040707587383,37.1138647332155,-122.327261137379,0.344410617988016,2.4803751231815
0.989982443894494,37.1138391628491,-122.328890675002,0.446015000236387,2.79933500619931
0.988792840911753,37.113841780406,-122.328693965478,0.398149979890405,2.72571140506245
0.987061259286323,37.1138679517965,-122.327204383601,0.385531023054319,2.63771910542736
0.986873391890693,37.1138736493435,-122.326809611543,0.420777086354032,2.88143956544741
0.98864595985887,37.1138478339222,-122.328529377177,0.335055174410746,2.53669970429055
0.988703909236651,37.1138739172101,-122.326895155441,0.386618855572594,2.63654082961065
0.990810652619256,37.1138734339017,-122.327084370539,0.263257640287978,2.10781866830207
0.988979533419207,37.1138508384215,-122.328561108883,0.391622935021057,2.56982953759435
0.980477941176471,37.1138801682549,-122.326935229303,0.304595616337717,2.2863495929304
0.990491878774997,37.1138783918858,-122.327059664243,0.526950418654955,2.95920564918433
0.980912889746062,37.1138873073572,-122.326756634613,0.562414051125483,3.19517509093995
0.984579008073818,37.1138789372777,-122.327237010365,0.335925454217394,2.59545227416805
0.990596867677889,37.1138534605882,-122.328912108588,0.312210499563575,2.38350373215283
0.985718149328697,37.1138824908011,-122.327160003297,0.487788120474661,2.96123991306741
0.988292429554603,37.113861372262,-122.328576458896,0.36399176338189,2.43945474035135
0.986781019856437,37.1138864893641,-122.327010144714,0.296545592806844,2.45024954825062
0.988711873638344,37.1138620032,-122.328704875967,0.287407720385796,2.35858827235206
0.991426425259668,37.1138720299336,-122.328481600856,0.364862036856321,2.54952160687468
0.985225613727736,37.1138954253742,-122.327038581094,0.415990588122721,2.73036757646174
0.982450980392157,37.113865260081,-122.328892977835,0.379656679934688,3.40372429966176
0.991919191919192,37.1138702709035,-122.328725700761,0.359640397811785,2.52559733160542
0.992237043516291,37.1139006141294,-122.326821596278,0.515636872574054,3.06632584666393
0.993512179218481,37.1139000139393,-122.326884845995,0.406200020237172,2.73087895839524
0.979356214154881,37.1139032296974,-122.32684452812,0.314386194049288,2.48909708195457
0.974028998572609,37.113878126487,-122.328527761052,0.251508955999067,2.22394160172927
0.899370969864456,37.1138707411695,-122.32886146387,0.361163378226914,2.79587641647572
0.982692136034991,37.1138976846442,-122.327182690882,0.313298354787726,2.25754844889753
0.991421568627451,37.1138997816429,-122.32712579716,0.516942315807959,3.03429436383296
0.985061153174141,37.1138748022025,-122.328945317403,0.203208788650556,1.90765906962772
0.992561148170608,37.1139094790552,-122.326697142017,0.423170350187507,2.9403139014943
0.992020886024313,37.1138777199707,-122.328880058725,0.34114709415884,2.5342924236245
0.99112572565258,37.1138794768487,-122.328670271398,0.464943452272316,2.90633384309505
0.988596542065102,37.1139091516452,-122.32680800644,0.478650259147049,2.89034178206032
0.989925678703317,37.1139083525572,-122.326957383053,0.593091199955642,3.28504797039296
0.981843688674808,37.1138901622733,-122.328184862797,0.564807315446961,3.15242903554522
0.982481425618681,37.1139100814807,-122.327073320774,0.344845757622599,2.66979177537338
0.988465201826124,37.113887122079,-122.328720718092,0.290236110488263,2.28318653755974
0.990255030116622,37.1138837872251,-122.328907971225,0.356376868690725,2.5501711307049
0.988400365834616,37.1139200454871,-122.326894832959,0.42643387258896,2.81587333647209
0.986764705882353,37.1139233815781,-122.32683115486,0.32004298037979,2.42024544230333
0.96574786982856,37.1138938937299,-122.328538592609,0.365949882349826,2.86844358544488
0.989991452327298,37.1138965897257,-122.328561681687,0.3696485428839,2.56545951724017
0.991414451959646,37.1139223755627,-122.327051684954,0.41664329573409,2.72177989871376
0.979856478673944,37.1139252138671,-122.326867535712,0.277834719639456,2.32572776414402
0.986206160023922,37.113899177059,-122.328637876147,0.433396051674895,2.75369416906175
0.992776057791538,37.1139245612695,-122.326979900383,0.313080788192031,2.38115968586503
0.993033890872643,37.1139244172631,-122.326946777316,0.298721281638236,2.29953010731861
0.988864599894012,37.1139247883582,-122.327086248608,0.287625295469025,2.26797858981898
0.949229691876751,37.1139080791782,-122.328253274979,0.110959832955879,1.29654432039639
0.980416575098283,37.1139320482045,-122.326675317808,0.373564775155156,2.72780743165663
0.992808893892485,37.1139035207289,-122.328502900797,0.411639224085201,2.79190499324373
0.991634727545409,37.1139322740539,-122.326690651913,0.350502538059924,2.5903431302154
0.987973267385032,37.1139291798052,-122.327172830954,0.32395919678274,2.31512626470547
0.987310304957364,37.1139356850353,-122.326772681539,0.389664832508663,2.55597040175076
0.983262400567462,37.1139388386661,-122.326724500762,0.375522897364794,3.0071256138062
0.991419893697798,37.1139382133772,-122.32695699659,0.426651443493172,2.74452320340097
0.98085222915982,37.1139389494153,-122.326845177046,0.429697400509239,2.78766933229183
0.989761354888376,37.1139394997755,-122.326908150499,0.412291932435073,2.70548808043723
0.81772513530299,37.1139215726603,-122.328148632931,0.544355895062562,4.16518597067464
0.990358543417367,37.113946180032,-122.326789973053,0.343322786504336,2.66817382395706
0.983632763450208,37.1139338434393,-122.327706334493,0.38248507324025,2.60190740030815
0.984860285577646,37.1139494324248,-122.326703856378,0.276746882670284,2.18243437707073
0.986600768808347,37.113921657342,-122.328523633262,0.303725351254894,2.41723021658093
0.981875081158291,37.1139500474959,-122.326823323028,0.363556639661811,2.76739955735785
0.990136086640775,37.1139345799881,-122.327807098432,0.585476296732645,3.1714595181313
0.982641231675152,37.1139342283376,-122.327771536783,0.454500186541518,2.94813340141142
0.990934054146823,37.1139224601232,-122.328565565318,0.44101093997725,2.70515423328677
0.983183551198257,37.1139506081337,-122.326856443534,0.471035378801838,2.75643555698709
0.973197754938406,37.1139160608877,-122.329066423231,0.268696847363685,2.25185987270393
0.991569400427714,37.1139482208797,-122.327096871177,0.37334720892971,2.70497417662613
0.985872834570722,37.113920504332,-122.328923259224,0.489093543108253,3.06298335585629
0.979866439329355,37.1139209708773,-122.328975620352,0.266956304078702,2.12391372410694
0.989950980392157,37.1139225898825,-122.328950841546,0.231710244171157,1.89963772967876
0.985665818490246,37.1139563488073,-122.326887666393,0.37530532750758,2.65247602316685
0.987060329893801,37.1139306266612,-122.328620452384,0.376828299048398,2.79154879921909
0.987431750283301,37.1139550005142,-122.327140940163,0.284796903195326,2.37540544728972
0.988959976810154,37.1139597790696,-122.326774039472,0.448625842658592,2.75319676490379
0.99110815701045,37.1139630837554,-122.326695648306,0.263910354784864,2.28950615590334
0.991405809929991,37.1139590316105,-122.327052076659,0.355289036522995,2.49662162698179
0.992180847874318,37.1139612188079,-122.327020718529,0.466031310990422,3.03744524850532
0.991882858197789,37.1139650052332,-122.32685609925,0.480825954231258,2.92687671662322
0.987581699346405,37.1139639234043,-122.326965434727,0.315474042511417,2.41865485404152
0.871879186457192,37.1139318672079,-122.32903346644,0.164699203174349,1.67681111011866
0.99169644869442,37.1139670364628,-122.326730699693,0.580254674664591,3.23766860699018
0.980658715098943,37.1139543517123,-122.32764941704,0.417731144364396,3.05831609429225
0.98517316017316,37.1139699163678,-122.326671221656,0.300461830727217,2.34175921240497
0.986578071595611,37.113938289544,-122.328991562789,0.413162204682812,2.74620405556427
0.987564785618499,37.1139699898429,-122.326988310581,0.271307678765659,2.29649715582088
0.990110551490386,37.1139652186448,-122.327265317499,0.299809127288725,2.24685431008157
0.967749630265732,37.1139492417175,-122.328514662644,0.2073425927508,2.27566211829485
0.984567474048443,37.1139434949181,-122.328803998296,0.437747418339128,2.78801574570006
0.983812129502964,37.1139711837009,-122.327136614914,0.231492678098022,2.09734069866473
0.989071239781179,37.1139441055031,-122.32895078126,0.30829428834467,2.26291408319863
0.989670700816212,37.1139765493139,-122.326908331648,0.384443196548517,2.57795977282401
0.986349308115617,37.1139779084989,-122.32688202546,0.515419319709695,3.26555190914478
0.990737133705579,37.1139772869529,-122.327089711379,0.429479839027498,2.67209156699333
0.966817020926018,37.1139862734138,-122.326626860077,0.457328576002532,3.00286052186305
0.982970632199068,37.1139874368204,-122.32671206553,0.417078444842076,2.95929131887942
0.99105181591537,37.113954590453,-122.328977098355,0.278705001933097,2.30214507852222
0.992011427087391,37.1139879930911,-122.326968024533,0.377263413803611,2.7166706311574
0.892015764122026,37.1139666815238,-122.328262141939,0.386618886935274,2.96489892018336
0.961862107888652,37.1139575514389,-122.328931226143,0.514549043900036,3.17118659419765
0.991715945637514,37.1139662323668,-122.328519600038,0.355506614233791,2.62599932962839
0.98918515503087,37.1139862200746,-122.327148341848,0.280227975194436,2.20671277516395
0.98502009499452,37.1139936885463,-122.327010127293,0.392493223298031,2.82344175264092
0.907176973353444,37.1139624181142,-122.329141120447,0.165351912689531,1.7951301653288
0.98566937797163,37.1139941320208,-122.326934777691,0.466901589835051,2.93844628849479
0.98361718403994,37.1139892053864,-122.327271528556,0.458633988762801,2.87930075617338
0.990640364907292,37.1139940251192,-122.327049065597,0.321565959414026,2.33195359064896
0.909724556489262,37.1139776418251,-122.328273846573,0.212781808379607,2.75635753579738
0.980917788802268,37.1139985738744,-122.326881362477,0.3143862046001,2.23886410766671
0.983809741161256,37.1139988384561,-122.326859147124,0.484524626365015,3.18532949569917
0.909587462225034,37.1139964349023,-122.326899808089,0.67418681019318,4.29467274745779
0.985197385620915,37.11400372711,-122.326812477218,0.366385032363901,2.71594838705886
0.989776101436482,37.1139722805486,-122.328897442057,0.351807947644989,2.37852281745717
0.977676866471054,37.1140024833036,-122.327081126539,0.398367573220237,2.71952357247179
0.991173937275169,37.1139746022617,-122.328866211566,0.198639862950405,1.79977305662792
0.980392156862745,37.1139799942886,-122.32853763823,0.29154152969925,2.41002343965205
0.797257383966245,37.1139794532885,-122.328724795941,0.194723630599733,4.05191236674847
0.979640522875817,37.1140084911251,-122.326916298489,0.243676509648248,2.04067308033519
0.989513542194245,37.1140047064417,-122.327049349244,0.395321618004955,2.72199305151994
0.953144684562458,37.113988177148,-122.328293755992,0.299156425681884,2.70881690944541
0.989353334456992,37.113986324004,-122.32846244577,0.340711973075204,2.49661269830707
0.991948540832922,37.1140063700407,-122.327374904716,0.513896342140601,3.08047683604612
0.990992935273827,37.1139918548177,-122.328371336824,0.505411178802121,3.43885260604285
0.991407084270557,37.1140097668201,-122.327243953121,0.422952792797927,2.8523521980337
0.984021476874979,37.1140151582693,-122.326955208457,0.281750966971592,2.20632186604845
0.991275969115657,37.1140137898725,-122.327089362819,0.368995855675933,2.80089633032926
0.979462843961114,37.113986237255,-122.328932301774,0.283491503488908,2.25307525168814
0.991769374416433,37.1139875284115,-122.328894949392,0.407940580423267,2.67111445109547
0.984524751604678,37.1140211051476,-122.326850078844,0.215610193070356,1.91767454874849
0.987983281086729,37.114021607246,-122.326939948567,0.455588040831446,2.85365535294656
0.959858387799564,37.1140189347559,-122.326980638976,0.342452505286572,2.71392264651923
0.983532949262179,37.1140220318639,-122.326874181559,0.373564789863138,2.87384363424027
0.988980716253443,37.1140222388548,-122.327227141405,0.300461833286234,2.32193244906039
0.991408248081841,37.1140302455672,-122.326789363604,0.361816100527114,2.64206790021194
0.970638085742772,37.1140308780537,-122.326904269768,0.342452520713549,2.22672391466241
0.990696003592277,37.1139983977371,-122.328978425642,0.309382135091611,2.42189016240251
0.988427318696793,37.1140269397891,-122.32713595079,0.435136622278866,2.777467982798
0.965812115891133,37.1140322483398,-122.327040326023,0.328093015200206,2.68861421369282
0.989698522051463,37.1140299839876,-122.327107917585,0.650094114273849,4.3207789688314
0.992239376370703,37.1140340246861,-122.327067595479,0.439487980382742,3.01541859316187
0.985132697146655,37.1140371750808,-122.326959375654,0.392710806862829,2.71305416554623
0.988067750464672,37.1140424360102,-122.326871879042,0.36529719870919,2.59058762728624
0.988415224913495,37.1140409817425,-122.326924249613,0.410333825643994,2.78175050098542
0.990306133908317,37.1140436202355,-122.326890661654,0.418383864522518,2.7457345910439
0.988523115668286,37.1140402824413,-122.326941345304,0.51106794992039,3.37620746063221
0.988551693404635,37.1140441442831,-122.327036939034,0.421212255008796,2.7741397941321
0.989053205551884,37.1140221141343,-122.328448603709,0.341582240145053,2.62531518838913
0.98935396662627,37.1140459801213,-122.327272092731,0.313515939518436,2.57673613716011
0.979726011527211,37.1140181460592,-122.328955726149,0.322218668790872,2.50701020353524
0.979039367685059,37.1140566489494,-122.32697553979,0.485612477062525,3.21389388275289
0.992081676262836,37.1140484552381,-122.327380282798,0.476257035723334,2.97602717280264
0.98615457562826,37.1140605219435,-122.32700847712,0.337883591180846,2.20279903134568
0.875829991087344,37.114030772153,-122.328980032102,0.177970877104219,1.76762926970187
0.987553153791637,37.114059321402,-122.327077591037,0.322871378588521,2.50738953906223
0.990239894840618,37.1140613501112,-122.327099372854,0.338971428062908,2.53796794909398
0.989911080711354,37.1140668401873,-122.326938424045,0.486265171356858,3.07145535679393
0.991509156215039,37.1140633675663,-122.32722265703,0.465378621005389,2.77628827335963
0.984830466482622,37.1140706121858,-122.326952516427,0.277182031530734,2.3313017531576
0.964613764969075,37.1140703234822,-122.327029652209,0.283709083692848,2.27691715186579
0.985225318197455,37.1140736134073,-122.327009525874,0.387489167200234,2.50708347196405
0.985323826500297,37.1140834403236,-122.326959620401,0.297851020578769,2.34720388009635
0.988603441376551,37.114084947389,-122.32711706824,0.34702147780037,2.39940715696677
0.991131291226168,37.1140976331016,-122.327139710912,0.409028438039784,2.69524143559571
0.984250739401906,37.1141031824832,-122.326930019824,0.342670099048018,2.67748051765804
0.980998808363124,37.1140931908422,-122.328437109333,0.599835837264151,3.19701482407866
0.986469785731482,37.1141543238586,-122.326965717021,0.343105239314575,2.57399780637974
0.925787994378639,37.1141493191156,-122.328861988057,0.29387097025809,2.46490135156655
0.991125502188643,37.1141810639669,-122.326936597943,0.318520022715792,2.49523152124454
0.758541176470588,37.1141650423571,-122.328939188583,0.133804517467002,1.9862236408506
0.944564956744692,37.1141858761396,-122.328826530503,0.486700336834875,3.04616044125441
0.930904102255237,37.1142062861385,-122.328788539472,0.299374016618252,2.71317665361457
0.988159147154007,37.1142365361862,-122.329303516963,0.257383336051349,2.30746072537893
0.990895504543281,37.1142976542648,-122.327446638846,0.315038940859299,2.39936497071001
0.993026127327505,37.1144122340802,-122.328821311822,0.385531105759118,2.64917502814519
0.865957237166223,37.1144835136086,-122.329223580196,0.103344965428398,1.56561932377451
0.988589151159402,37.114539079883,-122.329174630581,0.44906108466182,2.7679754788588
0.887188956300009,37.1145565842316,-122.329296576141,0.114440954800179,1.44122585244752
